Time,x,y,pressure,accel_x,accel_y,accel_z,gyro_x,gyro_y,gyro_z
2024-02-29 14:47:13.897024,159,102,876,-689.67,-748.47,-45.99,3727.50,8347.50,2520.00
2024-02-29 14:47:13.909083,159,102,0,-697.11,-745.30,-54.41,-1295.00,7192.50,2135.00
2024-02-29 14:47:13.915268,158,102,538,-703.45,-749.08,-74.66,-105.00,-3762.50,6667.50
2024-02-29 14:47:13.927047,157,101,527,-708.33,-749.57,-93.21,11900.00,-18690.00,9590.00
2024-02-29 14:47:13.934022,155,100,507,-714.07,-746.40,-97.72,23292.50,-23450.00,5285.00
2024-02-29 14:47:13.945437,154,99,0,-718.09,-739.32,-93.21,30835.00,-18095.00,4637.50
2024-02-29 14:47:13.952715,152,98,468,-718.70,-724.68,-86.50,30852.50,-11917.50,-4917.50
2024-02-29 14:47:13.963923,149,98,503,-713.21,-718.21,-79.30,32515.00,-8190.00,-15540.00
2024-02-29 14:47:13.971293,146,96,453,-701.13,-724.80,-71.00,32287.50,-4392.50,-10395.00
2024-02-29 14:47:13.981392,144,95,463,-688.08,-735.17,-62.95,21525.00,-2345.00,-3062.50
2024-02-29 14:47:13.988355,140,94,466,-676.12,-753.96,-55.51,14455.00,-4550.00,10307.50
2024-02-29 14:47:13.999829,137,92,460,-664.17,-777.51,-47.09,1417.50,-4672.50,30695.00
2024-02-29 14:47:14.006987,134,90,458,-659.29,-787.02,-36.48,-11077.50,-4445.00,46007.50
2024-02-29 14:47:14.018215,129,90,447,-669.54,-765.92,-8.05,-19582.50,2327.50,26757.50
2024-02-29 14:47:14.025085,125,88,0,-685.15,-754.33,3.90,-26722.50,18077.50,12880.00
2024-02-29 14:47:14.036759,121,76,0,-694.55,-763.96,-22.94,-38482.50,1592.50,25375.00
2024-02-29 14:47:14.045437,115,87,454,-701.74,-762.01,-51.24,-38570.00,-19215.00,28472.50
2024-02-29 14:47:14.051599,111,85,0,-709.31,-758.23,-76.37,-23555.00,-37222.50,29295.00
2024-02-29 14:47:14.061340,106,85,484,-714.68,-756.89,-100.16,-5442.50,-56647.50,32235.00
2024-02-29 14:47:14.072242,104,85,0,-719.07,-760.91,-114.07,38990.00,-70612.50,36225.00
2024-02-29 14:47:14.079567,100,85,450,-718.58,-766.28,-118.34,92540.00,-79117.50,44660.00
2024-02-29 14:47:14.090708,97,84,439,-708.94,-763.23,-110.53,72380.00,-80237.50,45237.50
2024-02-29 14:47:14.097999,94,86,0,-696.62,-755.91,-89.30,67707.50,-71417.50,38150.00
2024-02-29 14:47:14.108208,92,84,453,-687.71,-748.84,-63.81,60042.50,-56787.50,31552.50
2024-02-29 14:47:14.115579,91,85,0,-682.47,-743.59,-44.41,46130.00,-44467.50,26512.50
2024-02-29 14:47:14.126753,89,85,461,-679.42,-741.03,-33.18,37432.50,-39095.00,23625.00
2024-02-29 14:47:14.134151,88,87,455,-677.22,-737.12,-22.69,31517.50,-34422.50,21542.50
2024-02-29 14:47:14.145429,87,87,0,-675.64,-728.46,-7.08,26740.00,-25532.50,16222.50
2024-02-29 14:47:14.154055,86,86,0,-675.03,-720.90,5.00,24552.50,-14297.50,9170.00
2024-02-29 14:47:14.158972,86,90,0,-675.15,-717.73,7.44,30607.50,-10797.50,5617.50
2024-02-29 14:47:14.169219,85,92,0,-673.68,-711.99,9.39,38010.00,-9537.50,1662.50
2024-02-29 14:47:14.181258,84,95,447,-669.54,-699.30,19.76,32637.50,-4620.00,-8575.00
2024-02-29 14:47:14.188015,84,85,0,-664.17,-686.49,34.40,27317.50,6177.50,-22155.00
2024-02-29 14:47:14.199604,84,101,444,-658.43,-677.47,47.21,31342.50,17955.00,-35070.00
2024-02-29 14:47:14.208300,85,102,450,-654.65,-670.63,61.49,41317.50,32970.00,-46830.00
2024-02-29 14:47:14.213880,85,106,446,-656.12,-654.16,82.23,58712.50,52290.00,-65205.00
2024-02-29 14:47:14.225081,86,109,0,-664.90,-622.20,102.11,47775.00,76387.50,-92785.00
2024-02-29 14:47:14.232371,87,113,432,-676.12,-593.04,110.78,16327.50,90370.00,-123847.50
2024-02-29 14:47:14.243417,88,116,457,-680.76,-599.39,114.07,-2887.50,98945.00,-131600.00
2024-02-29 14:47:14.251304,90,120,444,-675.64,-640.26,107.60,18830.00,100642.50,-100957.50
2024-02-29 14:47:14.262345,92,123,0,-662.22,-685.40,87.60,31972.50,88970.00,-62247.50
2024-02-29 14:47:14.269360,93,126,454,-649.77,-726.63,69.66,32900.00,74742.50,-27107.50
2024-02-29 14:47:14.279007,94,128,451,-645.26,-757.01,66.37,38097.50,66552.50,2607.50
2024-02-29 14:47:14.285502,95,129,468,-647.58,-771.04,71.86,19495.00,64855.00,20545.00
2024-02-29 14:47:14.296703,96,131,541,-653.80,-776.41,69.05,-16712.50,56105.00,33162.50
2024-02-29 14:47:14.303537,97,132,567,-673.20,-754.57,58.07,-34282.50,31430.00,31535.00
2024-02-29 14:47:14.313824,97,133,0,-697.35,-736.88,57.22,-44467.50,20912.50,2835.00
2024-02-29 14:47:14.324746,98,189,0,-708.58,-747.86,37.94,-32672.50,9975.00,10517.50
2024-02-29 14:47:14.331611,-46,227,0,-712.85,-751.52,5.86,-19407.50,-16310.00,17307.50
2024-02-29 14:47:14.342142,-46,198,0,-716.14,-752.13,-6.22,-8925.00,-26302.50,18357.50
2024-02-29 14:47:14.349175,-46,108,0,-717.60,-756.52,-15.86,1592.50,-31727.50,21857.50
2024-02-29 14:47:14.359586,-46,199,0,-716.99,-759.69,-23.91,3517.50,-37257.50,25147.50
2024-02-29 14:47:14.366358,-46,200,0,-714.68,-759.57,-20.25,52.50,-37205.00,26425.00
2024-02-29 14:47:14.377268,-46,260,0,-712.85,-755.42,-11.10,-1645.00,-30030.00,25497.50
2024-02-29 14:47:14.389165,-46,195,0,-710.16,-749.57,-5.86,-6965.00,-26110.00,19215.00
2024-02-29 14:47:14.396052,-46,199,0,-704.43,-745.91,-2.44,-6912.50,-22837.50,14507.50
2024-02-29 14:47:14.406311,-46,200,0,-697.84,-742.61,1.46,-7717.50,-20982.50,12302.50
2024-02-29 14:47:14.413157,-46,200,0,-692.96,-735.29,10.13,-9817.50,-15960.00,7437.50
2024-02-29 14:47:14.424723,-46,199,0,-687.71,-728.95,27.21,-10395.00,-3920.00,297.50
2024-02-29 14:47:14.431205,-46,200,0,-679.54,-732.00,41.48,-17062.50,8995.00,3062.50
2024-02-29 14:47:14.443041,-46,197,0,-673.32,-737.86,42.94,-18585.00,8557.50,10220.00
2024-02-29 14:47:14.449656,-46,116,0,-674.66,-735.42,46.97,-9117.50,4777.50,10097.50
2024-02-29 14:47:14.461521,-46,195,0,-678.81,-733.95,59.78,-5617.50,11655.00,3535.00
2024-02-29 14:47:14.470201,-46,197,0,-681.74,-737.73,65.88,-8452.50,15977.50,6247.50
2024-02-29 14:47:14.474828,107,147,593,-686.01,-737.86,60.88,-8050.00,13965.00,7945.00
2024-02-29 14:47:14.486433,107,147,0,-691.50,-737.98,47.46,-5390.00,8627.50,9502.50
2024-02-29 14:47:14.490773,107,141,0,-696.38,-739.20,30.99,-3902.50,927.50,12215.00
2024-02-29 14:47:14.504799,106,148,465,-699.79,-736.51,23.30,-3027.50,-3290.00,13247.50
2024-02-29 14:47:14.511558,106,148,471,-702.72,-732.49,17.08,-2012.50,-2782.50,12127.50
2024-02-29 14:47:14.523204,105,147,469,-704.67,-730.54,13.05,2152.50,-2765.00,13195.00
2024-02-29 14:47:14.527679,104,149,463,-703.21,-725.66,16.47,-52.50,6020.00,10640.00
2024-02-29 14:47:14.541621,103,149,458,-698.45,-719.80,20.74,-2590.00,10867.50,5932.50
2024-02-29 14:47:14.547972,101,151,446,-693.08,-715.16,27.69,-7840.00,17360.00,-192.50
2024-02-29 14:47:14.558879,100,151,447,-688.57,-713.82,31.35,-14822.50,22365.00,-4935.00
2024-02-29 14:47:14.565788,99,152,457,-684.05,-714.07,31.23,-14647.50,21980.00,-7052.50
2024-02-29 14:47:14.575745,97,152,451,-681.25,-711.75,32.57,-12145.00,23012.50,-11025.00
2024-02-29 14:47:14.586404,97,153,451,-682.10,-712.60,31.60,-8680.00,22750.00,-12285.00
2024-02-29 14:47:14.593047,96,154,0,-686.13,-717.60,26.60,-7000.00,17097.50,-8697.50
2024-02-29 14:47:14.603747,95,154,458,-691.25,-721.87,22.20,-4112.50,7735.00,-3237.50
2024-02-29 14:47:14.615751,95,154,452,-695.40,-722.61,22.08,-4952.50,4077.50,-350.00
2024-02-29 14:47:14.620178,95,154,440,-700.16,-725.05,16.10,-1102.50,1295.00,1662.50
2024-02-29 14:47:14.628384,94,154,459,-705.28,-731.02,2.20,8610.00,-10237.50,7805.00
2024-02-29 14:47:14.640280,95,155,468,-707.84,-733.95,-6.10,15120.00,-18095.00,11602.50
2024-02-29 14:47:14.647289,96,155,0,-708.45,-733.34,-6.10,11812.50,-18060.00,12635.00
2024-02-29 14:47:14.658790,96,155,510,-707.97,-731.15,-1.95,8015.00,-14822.50,12582.50
2024-02-29 14:47:14.665191,98,152,0,-706.75,-729.44,0.98,8925.00,-10465.00,11375.00
2024-02-29 14:47:14.677099,99,155,0,-706.14,-729.44,-1.46,8907.50,-8085.00,10762.50
2024-02-29 14:47:14.683253,100,155,548,-704.92,-727.73,0.98,10990.00,-6790.00,10745.00
2024-02-29 14:47:14.695508,-46,201,0,-702.96,-723.09,9.88,9520.00,2205.00,7070.00
2024-02-29 14:47:14.701636,-46,201,0,-701.74,-718.09,16.35,3885.00,9922.50,3657.50
2024-02-29 14:47:14.713664,-46,231,0,-700.77,-712.72,23.79,-1382.50,18567.50,122.50
2024-02-29 14:47:14.719838,-46,204,0,-700.28,-707.84,31.96,-3535.00,29050.00,-3220.00
2024-02-29 14:47:14.730926,-46,202,0,-699.79,-706.14,36.60,-6912.50,36190.00,-5005.00
2024-02-29 14:47:14.737713,-46,202,0,-699.30,-706.14,38.55,-11252.50,37712.50,-4392.50
2024-02-29 14:47:14.747621,-46,141,0,-699.91,-708.82,32.57,-13142.50,33652.50,-3657.50
2024-02-29 14:47:14.758359,-46,203,0,-700.89,-713.70,19.89,-12512.50,20142.50,-682.50
2024-02-29 14:47:14.764450,-46,127,0,-701.99,-715.41,13.05,-9922.50,10185.00,665.00
2024-02-29 14:47:14.776633,-46,199,0,-705.16,-715.04,10.98,-6912.50,8067.50,1172.50
2024-02-29 14:47:14.783020,-46,111,0,-709.92,-715.77,2.93,-3080.00,5932.50,3185.00
2024-02-29 14:47:14.794762,-46,115,0,-714.43,-718.58,-9.03,8785.00,-682.50,6387.50
2024-02-29 14:47:14.801155,-46,202,0,-718.21,-721.26,-11.10,16222.50,-1557.50,11095.00
2024-02-29 14:47:14.813055,-46,202,0,-720.29,-721.26,-6.22,10955.00,3010.00,13545.00
2024-02-29 14:47:14.819443,-46,202,0,-720.90,-722.36,-8.66,5950.00,3587.50,14787.50
2024-02-29 14:47:14.831055,-46,202,0,-719.92,-721.39,-11.96,6195.00,-402.50,15907.50
2024-02-29 14:47:14.835395,-46,200,0,-716.87,-717.60,-10.74,787.50,927.50,12057.50
2024-02-29 14:47:14.848732,-46,193,0,-712.85,-714.92,-12.08,-367.50,350.00,9205.00
2024-02-29 14:47:14.854928,135,157,615,-709.55,-710.16,-11.96,2572.50,1452.50,4655.00
2024-02-29 14:47:14.865205,135,157,553,-708.82,-703.94,-9.03,4725.00,5197.50,542.50
2024-02-29 14:47:14.876446,135,156,491,-711.26,-698.57,-9.03,2310.00,8907.50,-1347.50
2024-02-29 14:47:14.881025,135,156,480,-715.77,-696.50,-18.91,210.00,3360.00,-2205.00
2024-02-29 14:47:14.893639,134,158,476,-723.22,-698.45,-32.57,822.50,-6720.00,332.50
2024-02-29 14:47:14.899911,134,158,494,-738.47,-697.35,-53.44,-4130.00,-12267.50,3815.00
2024-02-29 14:47:14.911408,133,159,551,-769.21,-679.91,-102.85,-4060.00,-37642.50,-4025.00
2024-02-29 14:47:14.922896,73,196,0,-817.89,-623.18,-163.60,25217.50,-78312.50,-43015.00
2024-02-29 14:47:14.931416,-46,258,0,-870.84,-528.02,-213.62,55317.50,-109427.50,-116182.50
2024-02-29 14:47:14.938135,-46,203,0,-904.14,-426.51,-251.93,92260.00,-135275.00,-197050.00
2024-02-29 14:47:14.947925,-46,118,0,-907.68,-361.49,-255.35,111160.00,-141102.50,-253960.00
2024-02-29 14:47:14.956505,-46,204,0,-888.16,-344.53,-234.00,114030.00,-123620.00,-276937.50
2024-02-29 14:47:14.965907,-46,289,0,-843.39,-375.64,-195.69,119840.00,-107975.00,-274890.00
2024-02-29 14:47:14.974516,-46,108,0,-776.04,-445.79,-116.39,110460.00,-70315.00,-240695.00
2024-02-29 14:47:14.984821,-46,202,0,-706.50,-506.91,-20.98,73832.50,-13422.50,-196805.00
2024-02-29 14:47:14.992396,-46,203,0,-651.11,-546.68,50.14,29785.00,33337.50,-172620.00
2024-02-29 14:47:15.002436,-46,225,0,-614.15,-579.01,83.20,-2887.50,54285.00,-163677.50
2024-02-29 14:47:15.009796,-46,179,0,-590.36,-614.51,93.21,-10867.50,54775.00,-158305.00
2024-02-29 14:47:15.019953,-46,200,0,-572.18,-657.21,98.33,-8557.50,49892.50,-142345.00
2024-02-29 14:47:15.027516,-46,122,0,-559.13,-696.01,104.07,-17325.00,46725.00,-122692.50
2024-02-29 14:47:15.037812,-46,200,0,-550.59,-730.29,110.90,-32410.00,43102.50,-104755.00
2024-02-29 14:47:15.045272,-46,197,0,-546.80,-765.67,114.19,-33985.00,39077.50,-87255.00
2024-02-29 14:47:15.056288,-46,114,0,-544.24,-803.61,109.56,-29312.50,32165.00,-66972.50
2024-02-29 14:47:15.063853,-46,209,0,-537.53,-839.85,105.53,-23292.50,27527.50,-46270.00
2024-02-29 14:47:15.075006,-46,196,0,-526.19,-874.25,113.46,-12775.00,35332.50,-27195.00
2024-02-29 14:47:15.082094,116,179,533,-509.59,-902.43,135.30,-612.50,59062.50,-9852.50
2024-02-29 14:47:15.093542,115,179,0,-491.17,-915.12,168.85,-44905.00,96442.50,35.00
2024-02-29 14:47:15.100561,113,180,501,-472.14,-917.93,200.08,-58380.00,133017.50,-262.50
2024-02-29 14:47:15.112027,111,180,476,-449.33,-937.81,216.43,-69702.50,155610.00,10657.50
2024-02-29 14:47:15.120781,110,180,497,-418.70,-951.48,209.47,-455.00,165270.00,41300.00
2024-02-29 14:47:15.126586,107,180,0,-394.91,-920.61,181.66,-72747.50,151690.00,34527.50
2024-02-29 14:47:15.137302,104,180,483,-397.48,-875.84,161.41,-303555.00,145250.00,14525.00
2024-02-29 14:47:15.145138,101,181,474,-407.85,-849.49,159.09,-518787.50,167107.50,26337.50
2024-02-29 14:47:15.156261,97,181,479,-400.16,-828.26,138.96,-417515.00,169277.50,41667.50
2024-02-29 14:47:15.163887,93,180,474,-362.10,-794.95,87.47,-421330.00,140245.00,48545.00
2024-02-29 14:47:15.172821,90,184,0,-312.08,-775.07,40.99,-560525.00,114205.00,73885.00
2024-02-29 14:47:15.180262,85,181,497,-282.80,-776.41,6.47,-573370.00,78557.50,103740.00
2024-02-29 14:47:15.191389,81,182,0,-283.53,-776.41,-32.94,-573370.00,40337.50,113347.50
2024-02-29 14:47:15.199365,76,183,500,-301.34,-772.50,-81.50,-495512.50,-1592.50,105210.00
2024-02-29 14:47:15.210143,71,182,492,-310.00,-749.08,-136.88,-160667.50,-36645.00,84035.00
2024-02-29 14:47:15.218218,66,173,0,-306.34,-692.35,-192.88,-25655.00,-57050.00,48282.50
2024-02-29 14:47:15.228807,62,182,0,-307.20,-613.29,-255.59,18742.50,-73395.00,-7560.00
2024-02-29 14:47:15.236575,59,182,479,-318.42,-524.84,-345.50,-525.00,-104720.00,-83020.00
2024-02-29 14:47:15.246438,55,184,0,-332.82,-461.65,-458.60,32882.50,-165375.00,-161402.50
2024-02-29 14:47:15.255082,53,181,487,-344.28,-443.71,-543.88,207760.00,-226222.50,-209160.00
2024-02-29 14:47:15.265276,49,180,472,-355.26,-452.50,-583.40,332500.00,-250670.00,-225487.50
2024-02-29 14:47:15.273942,47,180,487,-362.34,-477.26,-600.73,210192.50,-251335.00,-218732.50
2024-02-29 14:47:15.281660,45,180,477,-357.58,-505.81,-599.02,-65257.50,-236040.00,-198625.00
2024-02-29 14:47:15.290860,43,178,0,-345.50,-527.16,-582.31,-440982.50,-192097.50,-186322.50
2024-02-29 14:47:15.299730,41,177,470,-327.33,-560.59,-556.32,-572950.00,-120400.00,-184747.50
2024-02-29 14:47:15.308787,40,177,0,-306.22,-639.77,-522.28,-573370.00,-31115.00,-161857.50
2024-02-29 14:47:15.317105,39,176,0,-287.68,-729.56,-485.44,-570552.50,42245.00,-96372.50
2024-02-29 14:47:15.327605,38,170,0,-280.48,-772.75,-456.52,-539630.00,84822.50,-46095.00
2024-02-29 14:47:15.335762,38,175,483,-290.60,-784.46,-451.16,-566650.00,92312.50,-14122.50
2024-02-29 14:47:15.345386,38,174,483,-300.12,-776.41,-485.19,-573370.00,68512.50,7017.50
2024-02-29 14:47:15.352948,38,174,479,-298.90,-741.76,-545.71,-573265.00,26092.50,8365.00
2024-02-29 14:47:15.364018,39,174,475,-295.12,-691.98,-592.68,-480270.00,-3272.50,-8085.00
2024-02-29 14:47:15.372098,40,173,0,-297.19,-645.50,-612.81,-153807.50,-6300.00,-27212.50
2024-02-29 14:47:15.381659,42,172,504,-309.39,-592.19,-621.35,141767.50,980.00,-43575.00
2024-02-29 14:47:15.389210,44,171,520,-325.74,-503.62,-634.16,329805.00,4305.00,-75652.50
2024-02-29 14:47:15.399293,48,169,538,-336.60,-411.87,-665.02,401222.50,-7507.50,-130602.50
2024-02-29 14:47:15.407656,-46,122,0,-343.67,-383.81,-697.35,498347.50,-33022.50,-156485.00
2024-02-29 14:47:15.418092,-46,115,0,-350.38,-411.14,-712.24,463242.50,-49122.50,-136150.00
2024-02-29 14:47:15.426353,-46,203,0,-355.87,-447.25,-718.46,320250.00,-55405.00,-92295.00
2024-02-29 14:47:15.435844,-46,164,0,-365.63,-468.48,-720.78,245367.50,-54565.00,-50050.00
2024-02-29 14:47:15.443898,-46,200,0,-383.08,-473.48,-714.68,202807.50,-44117.50,-24500.00
2024-02-29 14:47:15.454694,-46,191,0,-403.94,-465.06,-702.35,207935.00,-22715.00,-19687.50
2024-02-29 14:47:15.462705,-46,202,0,-424.07,-448.84,-695.89,206150.00,-5512.50,-29452.50
2024-02-29 14:47:15.472315,-46,202,0,-437.74,-439.20,-693.94,157605.00,2800.00,-37520.00
2024-02-29 14:47:15.480125,-46,236,0,-444.81,-443.84,-688.32,117740.00,12670.00,-33320.00
2024-02-29 14:47:15.490018,-46,108,0,-450.18,-451.64,-686.25,115377.50,21805.00,-24605.00
2024-02-29 14:47:15.497846,-46,202,0,-455.06,-447.01,-694.91,169610.00,19565.00,-27195.00
2024-02-29 14:47:15.507791,-46,202,0,-447.98,-423.10,-701.99,222652.50,13265.00,-43190.00
2024-02-29 14:47:15.515459,-46,202,0,-426.15,-387.23,-695.40,89460.00,19915.00,-75110.00
2024-02-29 14:47:15.526503,-46,220,0,-405.16,-362.58,-686.37,-59675.00,35297.50,-104947.50
2024-02-29 14:47:15.534725,-46,202,0,-391.13,-367.22,-690.89,-132720.00,33320.00,-112070.00
2024-02-29 14:47:15.544304,-46,176,0,-381.13,-395.04,-698.45,-98192.50,17202.50,-97055.00
2024-02-29 14:47:15.552136,-46,198,0,-366.49,-425.78,-694.42,-75372.50,18987.50,-77192.50
2024-02-29 14:47:15.562048,-46,202,0,-348.07,-451.03,-687.59,-144182.50,34790.00,-60340.00
2024-02-29 14:47:15.570289,-46,197,0,-321.84,-471.65,-687.35,-221077.50,54810.00,-42035.00
2024-02-29 14:47:15.580811,-46,178,0,-292.43,-479.46,-695.28,-329507.50,75127.50,-29137.50
2024-02-29 14:47:15.588984,-46,196,0,-284.50,-486.66,-715.77,-351435.00,84245.00,-16922.50
2024-02-29 14:47:15.598595,144,194,592,-300.00,-508.37,-751.89,-213325.00,71645.00,12652.50
2024-02-29 14:47:15.606436,144,195,568,-321.47,-535.09,-786.05,-133157.50,44222.50,54652.50
2024-02-29 14:47:15.616263,143,194,0,-333.79,-550.59,-803.49,-8417.50,34300.00,74042.50
2024-02-29 14:47:15.623781,142,195,527,-323.06,-539.61,-818.86,117180.00,29977.50,66272.50
2024-02-29 14:47:15.634949,140,195,0,-298.41,-513.13,-830.21,52150.00,19407.50,51607.50
2024-02-29 14:47:15.642403,138,195,492,-284.75,-495.81,-829.36,-62650.00,22277.50,39812.50
2024-02-29 14:47:15.654014,136,195,493,-285.97,-489.10,-828.14,-152635.00,30695.00,37030.00
2024-02-29 14:47:15.661521,134,195,0,-292.80,-483.49,-831.43,-242795.00,38412.50,39742.50
2024-02-29 14:47:15.671380,131,195,500,-297.44,-468.48,-838.26,-275467.50,46742.50,37992.50
2024-02-29 14:47:15.679261,129,195,546,-301.83,-446.15,-846.92,-336210.00,40600.00,32865.00
2024-02-29 14:47:15.690346,126,196,539,-304.76,-425.78,-852.29,-381272.50,31395.00,38010.00
2024-02-29 14:47:15.698799,124,197,664,-303.54,-406.63,-853.02,-452830.00,26040.00,48562.50
2024-02-29 14:47:15.705384,121,197,802,-303.90,-385.03,-851.80,-531352.50,20702.50,62142.50
2024-02-29 14:47:15.715153,-46,120,0,-309.51,-355.39,-850.83,-555310.00,10360.00,73360.00
2024-02-29 14:47:15.725677,-46,200,0,-321.84,-320.37,-846.92,-539647.50,-2187.50,81567.50
2024-02-29 14:47:15.733555,-46,203,0,-340.50,-289.26,-833.14,-381325.00,-5337.50,89985.00
2024-02-29 14:47:15.743328,-46,120,0,-357.09,-257.54,-811.06,-95602.50,12617.50,97597.50
2024-02-29 14:47:15.750945,-46,200,0,-361.97,-218.38,-793.00,112210.00,43890.00,96057.50
2024-02-29 14:47:15.762074,-46,199,0,-349.16,-184.34,-791.17,153142.50,71015.00,96005.00
2024-02-29 14:47:15.769745,-46,198,0,-306.34,-157.38,-809.35,212572.50,71050.00,105192.50
2024-02-29 14:47:15.779859,-46,233,0,-256.93,-131.52,-838.26,159932.50,51502.50,111807.50
2024-02-29 14:47:15.787652,-46,198,0,-231.07,-115.17,-863.27,55947.50,35192.50,112700.00
2024-02-29 14:47:15.798820,-46,197,0,-223.50,-112.00,-879.38,30817.50,27405.00,112612.50
2024-02-29 14:47:15.807409,-46,198,0,-226.43,-109.07,-892.06,87150.00,21297.50,113505.00
2024-02-29 14:47:15.813832,-46,197,0,-230.21,-95.40,-905.85,148015.00,18305.00,108115.00
2024-02-29 14:47:15.823348,-46,131,0,-231.56,-74.79,-921.10,176400.00,17255.00,96110.00
2024-02-29 14:47:15.835040,-46,198,0,-231.80,-52.46,-933.91,155715.00,18655.00,83772.50
2024-02-29 14:47:15.843758,-46,115,0,-232.04,-33.18,-935.98,98017.50,24955.00,75390.00
2024-02-29 14:47:15.849377,106,208,689,-243.15,-11.10,-915.00,123200.00,44397.50,68460.00
2024-02-29 14:47:15.860243,106,212,0,-258.76,12.57,-892.80,213762.50,76930.00,52150.00
2024-02-29 14:47:15.867337,106,209,546,-261.32,18.54,-900.24,255780.00,86572.50,48720.00
2024-02-29 14:47:15.878859,106,209,509,-255.96,14.03,-928.18,262500.00,68127.50,60707.50
2024-02-29 14:47:15.885936,106,209,480,-251.56,16.47,-956.85,241010.00,47495.00,65642.50
2024-02-29 14:47:15.897428,105,209,0,-249.61,18.91,-975.88,159897.50,38237.50,69387.50
2024-02-29 14:47:15.904309,105,212,0,-244.49,17.45,-981.00,69387.50,35665.00,72275.00
2024-02-29 14:47:15.915047,103,210,0,-234.12,17.32,-978.93,41580.00,38920.00,69807.50
2024-02-29 14:47:15.921768,103,211,463,-222.28,17.20,-980.64,21700.00,42525.00,64242.50
2024-02-29 14:47:15.932545,101,210,453,-209.11,16.47,-985.88,3342.50,43382.50,55072.50
2024-02-29 14:47:15.939258,100,211,456,-193.25,15.49,-991.13,-2170.00,40705.00,42542.50
2024-02-29 14:47:15.949999,100,211,458,-175.80,13.79,-995.40,1522.50,34860.00,31832.50
2024-02-29 14:47:15.956578,99,215,0,-159.58,12.08,-997.96,-2257.50,29487.50,25270.00
2024-02-29 14:47:15.967585,98,214,0,-147.38,12.44,-999.42,-15470.00,24482.50,23607.50
2024-02-29 14:47:15.979425,97,215,483,-138.35,15.74,-1000.03,-30765.00,20545.00,21490.00
2024-02-29 14:47:15.987999,96,217,485,-126.88,28.43,-996.74,-104930.00,25060.00,18042.50
2024-02-29 14:47:15.993828,96,219,481,-118.10,42.21,-991.37,-226030.00,34457.50,10342.50
2024-02-29 14:47:16.004841,96,221,470,-111.02,45.99,-990.15,-218925.00,24885.00,4235.00
2024-02-29 14:47:16.011700,97,224,498,-102.72,45.14,-987.22,-192272.50,13912.50,7455.00
2024-02-29 14:47:16.023185,97,224,0,-100.53,43.68,-981.98,-69072.50,19407.50,6212.50
2024-02-29 14:47:16.029736,98,225,484,-99.43,43.92,-981.86,11847.50,24640.00,6790.00
2024-02-29 14:47:16.041943,99,227,532,-97.11,43.07,-985.52,18375.00,26337.50,17307.50
2024-02-29 14:47:16.048034,100,229,500,-94.92,41.48,-987.96,26442.50,25025.00,27772.50
2024-02-29 14:47:16.060197,101,231,493,-91.74,41.97,-987.35,15032.50,24377.50,34125.00
2024-02-29 14:47:16.066599,103,231,489,-88.33,42.70,-989.54,3290.00,19757.50,35682.50
2024-02-29 14:47:16.078473,105,232,479,-85.40,42.21,-996.50,12407.50,10850.00,34142.50
2024-02-29 14:47:16.084881,106,232,497,-82.59,40.50,-1003.94,28367.50,-262.50,29400.00
2024-02-29 14:47:16.096858,107,234,0,-79.54,37.21,-1007.11,84437.50,-9590.00,16205.00
2024-02-29 14:47:16.105447,108,234,470,-72.47,42.46,-1022.12,132037.50,-14577.50,-5530.00
2024-02-29 14:47:16.111059,108,235,463,-58.44,43.07,-1038.95,120435.00,-15890.00,-24832.50
2024-02-29 14:47:16.121505,109,232,0,-38.55,36.72,-1034.80,153685.00,-10255.00,-28980.00
2024-02-29 14:47:16.133022,109,235,461,-21.72,33.18,-1021.63,131757.50,-3220.00,-27772.50
2024-02-29 14:47:16.141623,108,235,464,-13.79,26.35,-1010.65,145180.00,3325.00,-18497.50
2024-02-29 14:47:16.146931,108,236,478,-11.83,21.96,-1006.74,105070.00,7560.00,-6807.50
2024-02-29 14:47:16.156758,107,236,0,-13.91,15.25,-1009.43,44205.00,6002.50,7840.00
2024-02-29 14:47:16.167957,106,235,0,-17.08,6.83,-1012.60,-15872.50,2135.00,25707.50
2024-02-29 14:47:16.174495,105,236,454,-18.30,-0.73,-1012.84,-56752.50,350.00,40127.50
2024-02-29 14:47:16.186274,104,235,452,-14.52,-6.10,-1013.45,-71487.50,-5687.50,50050.00
2024-02-29 14:47:16.193859,102,236,457,-10.13,-10.00,-1015.16,-119280.00,-18130.00,48405.00
2024-02-29 14:47:16.203854,101,236,461,-11.10,-13.91,-1020.90,-205765.00,-34195.00,46882.50
2024-02-29 14:47:16.211786,100,233,0,-18.30,-19.28,-1022.36,-228340.00,-51082.50,40442.50
2024-02-29 14:47:16.221441,99,236,0,-28.79,-25.86,-1009.67,-128730.00,-41230.00,32725.00
2024-02-29 14:47:16.229021,98,237,446,-34.77,-28.06,-997.72,-35682.50,-23905.00,28700.00
2024-02-29 14:47:16.239041,97,236,461,-36.97,-27.08,-995.28,-18235.00,-15382.50,28717.50
2024-02-29 14:47:16.246439,96,238,470,-37.45,-23.30,-1000.64,-25427.50,-19827.50,30642.50
2024-02-29 14:47:16.257603,96,238,467,-35.62,-19.52,-1012.36,-56385.00,-31727.50,34440.00
2024-02-29 14:47:16.265389,96,239,0,-32.70,-15.86,-1026.51,-104825.00,-52657.50,38115.00
2024-02-29 14:47:16.276244,96,238,0,-32.70,-10.13,-1040.29,-146125.00,-75967.50,42910.00
2024-02-29 14:47:16.283920,96,240,485,-37.45,-1.83,-1047.25,-150832.50,-92610.00,45570.00
2024-02-29 14:47:16.294828,97,243,476,-39.16,6.71,-1043.47,-112385.00,-96670.00,44152.50
2024-02-29 14:47:16.301988,98,244,483,-28.43,11.47,-1029.44,69422.50,-86520.00,45167.50
2024-02-29 14:47:16.312414,99,245,482,-20.86,14.64,-1016.38,256480.00,-65677.50,45237.50
2024-02-29 14:47:16.319794,100,247,493,-30.01,15.01,-1003.08,337487.50,-38185.00,42087.50
2024-02-29 14:47:16.330025,101,249,501,-43.19,13.91,-989.79,456172.50,2537.50,35577.50
2024-02-29 14:47:16.336640,103,251,497,-54.66,18.18,-983.81,394660.00,17587.50,26565.00
2024-02-29 14:47:16.347458,104,263,0,-61.12,19.28,-988.08,262325.00,26495.00,20947.50
2024-02-29 14:47:16.354000,106,254,0,-63.56,7.93,-999.42,280577.50,23625.00,23275.00
2024-02-29 14:47:16.365921,106,255,476,-73.32,-7.93,-1001.13,363807.50,24622.50,34965.00
2024-02-29 14:47:16.372971,106,256,474,-90.77,-17.45,-999.55,330470.00,24745.00,41737.50
2024-02-29 14:47:16.384458,106,259,0,-101.50,-26.35,-1005.77,121712.50,15505.00,40670.00
2024-02-29 14:47:16.392201,107,257,457,-102.48,-40.87,-1011.50,-43120.00,-2100.00,32375.00
2024-02-29 14:47:16.403185,107,257,454,-100.65,-54.41,-1009.92,-55545.00,-11287.50,27737.50
2024-02-29 14:47:16.410925,107,258,450,-99.55,-63.68,-1000.52,-67952.50,-11287.50,25340.00
2024-02-29 14:47:16.421878,106,258,449,-99.67,-75.88,-982.47,12740.00,-682.50,15032.50
2024-02-29 14:47:16.428672,106,258,448,-101.75,-86.38,-970.39,148995.00,17377.50,14000.00
2024-02-29 14:47:16.439275,105,259,450,-101.38,-88.69,-967.95,82530.00,20790.00,10955.00
2024-02-29 14:47:16.446075,105,260,451,-95.28,-98.33,-964.65,97090.00,28927.50,-420.00
2024-02-29 14:47:16.455774,104,261,454,-89.30,-121.39,-961.60,239627.50,30327.50,5565.00
2024-02-29 14:47:16.467644,103,262,453,-91.01,-143.35,-953.67,521412.50,37677.50,11252.50
2024-02-29 14:47:16.476247,103,263,466,-97.36,-173.24,-949.16,550182.50,53182.50,11200.00
2024-02-29 14:47:16.482092,101,264,467,-104.43,-213.87,-956.48,496055.00,46777.50,18777.50
2024-02-29 14:47:16.492981,101,265,462,-111.14,-243.39,-957.21,310030.00,35682.50,13142.50
2024-02-29 14:47:16.500428,100,266,0,-113.83,-266.33,-945.26,184747.50,27667.50,3360.00
2024-02-29 14:47:16.511696,99,268,478,-114.80,-289.38,-929.40,161560.00,23152.50,-5250.00
2024-02-29 14:47:16.519467,99,268,0,-119.93,-315.74,-914.02,126017.50,24027.50,-13825.00
2024-02-29 14:47:16.530338,98,269,477,-129.08,-342.70,-896.58,5617.50,26477.50,-21717.50
2024-02-29 14:47:16.538975,98,270,473,-137.62,-370.27,-886.33,-138302.50,24972.50,-25025.00
2024-02-29 14:47:16.545521,98,270,475,-140.54,-396.99,-888.40,-177257.50,12180.00,-19267.50
2024-02-29 14:47:16.555649,98,273,0,-138.47,-416.75,-893.16,-177800.00,-6790.00,-8207.50
2024-02-29 14:47:16.563671,98,272,485,-135.79,-431.88,-902.43,-168472.50,-27737.50,4795.00
2024-02-29 14:47:16.574317,99,273,484,-128.22,-445.79,-898.53,-169802.50,-28105.00,13247.50
2024-02-29 14:47:16.582243,99,273,498,-119.68,-458.35,-888.65,-98857.50,-9940.00,16660.00
2024-02-29 14:47:16.592001,99,275,507,-114.19,-466.77,-892.80,-46497.50,-24045.00,19705.00
2024-02-29 14:47:16.599811,98,276,521,-108.09,-475.92,-898.65,-41405.00,-37240.00,19162.50
2024-02-29 14:47:16.610721,98,277,542,-103.09,-485.56,-898.90,-87.50,-46567.50,18585.00
2024-02-29 14:47:16.618063,96,202,0,-103.70,-489.59,-895.48,25130.00,-52920.00,17972.50
2024-02-29 14:47:16.629236,-46,121,0,-108.95,-490.44,-888.04,32497.50,-55055.00,16257.50
2024-02-29 14:47:16.636636,-46,200,0,-116.14,-492.15,-877.67,9660.00,-50347.50,11987.50
2024-02-29 14:47:16.647849,-46,127,0,-123.22,-487.15,-857.78,-37887.50,-28280.00,-1365.00
2024-02-29 14:47:16.655614,-46,199,0,-128.47,-477.63,-832.04,-81077.50,1540.00,-18497.50
2024-02-29 14:47:16.666460,-46,120,0,-134.08,-476.53,-826.18,-100537.50,7612.50,-22645.00
2024-02-29 14:47:16.675101,-46,196,0,-137.62,-475.80,-827.89,-103705.00,15452.50,-26057.50
2024-02-29 14:47:16.681842,-46,197,0,-137.62,-472.99,-820.21,-174405.00,25042.50,-28402.50
2024-02-29 14:47:16.691825,-46,136,0,-131.52,-479.09,-815.81,-139562.50,35175.00,-30782.50
2024-02-29 14:47:16.699669,-46,112,0,-119.56,-483.61,-815.94,62352.50,38850.00,-42070.00
2024-02-29 14:47:16.709622,-46,199,0,-110.17,-472.63,-822.40,227605.00,31815.00,-67550.00
2024-02-29 14:47:16.717457,-46,200,0,-100.89,-460.67,-832.89,223842.50,17202.50,-89232.50
2024-02-29 14:47:16.727270,-46,199,0,-91.38,-458.35,-843.87,99505.00,7822.50,-98070.00
2024-02-29 14:47:16.734246,-46,199,0,-83.69,-458.23,-853.39,19617.50,490.00,-100450.00
2024-02-29 14:47:16.745261,-46,218,0,-76.49,-457.38,-859.49,-36960.00,-4795.00,-101465.00
2024-02-29 14:47:16.755789,-46,197,0,-70.03,-454.57,-871.45,-102042.50,-8120.00,-101255.00
2024-02-29 14:47:16.764080,-46,129,0,-65.03,-450.42,-881.57,-174930.00,-10132.50,-98997.50
2024-02-29 14:47:16.773526,-46,198,0,-61.37,-448.96,-886.57,-226222.50,-9152.50,-95777.50
2024-02-29 14:47:16.781470,-46,199,0,-53.31,-452.62,-895.48,-200952.50,-8260.00,-90160.00
2024-02-29 14:47:16.792064,-46,197,0,-41.97,-467.50,-900.85,-91297.50,-9065.00,-81602.50
2024-02-29 14:47:16.799829,-46,102,0,-31.96,-489.22,-898.16,141767.50,-12740.00,-71540.00
2024-02-29 14:47:16.810750,-46,198,0,-25.86,-505.32,-896.82,290272.50,-21350.00,-60235.00
2024-02-29 14:47:16.819288,-46,195,0,-26.72,-513.74,-901.34,339290.00,-33880.00,-46847.50
2024-02-29 14:47:16.825766,-46,198,0,-29.04,-521.31,-889.75,355827.50,-36557.50,-37170.00
2024-02-29 14:47:16.836030,-46,193,0,-31.35,-530.21,-860.34,494847.50,-4392.50,-41562.50
2024-02-29 14:47:16.843737,-46,197,0,-34.89,-535.95,-849.85,568435.00,-12705.00,-41650.00
2024-02-29 14:47:16.854593,-46,192,0,-29.28,-542.29,-853.02,492170.00,-23922.50,-41300.00
2024-02-29 14:47:16.862487,-46,111,0,-16.71,-553.76,-841.43,358487.50,-21927.50,-43977.50
2024-02-29 14:47:16.873357,-46,197,0,-9.03,-564.62,-821.30,248132.50,-22855.00,-45517.50
2024-02-29 14:47:16.880751,-46,136,0,-12.20,-569.01,-812.28,6037.50,-23975.00,-47460.00
2024-02-29 14:47:16.891786,-46,198,0,-13.18,-574.25,-809.10,-260032.50,-21122.50,-51660.00
2024-02-29 14:47:16.899916,-46,196,0,-3.66,-587.92,-811.06,-391895.00,-15522.50,-54845.00
2024-02-29 14:47:16.909475,-46,196,0,5.25,-604.51,-822.16,-345117.50,-15592.50,-51327.50
2024-02-29 14:47:16.917304,-46,97,0,10.49,-617.08,-830.82,-238437.50,-23660.00,-41685.00
2024-02-29 14:47:16.927271,-46,109,0,14.52,-631.47,-831.31,-91612.50,-33967.50,-29680.00
2024-02-29 14:47:16.934981,-46,192,0,24.40,-653.80,-825.70,128432.50,-42297.50,-16205.00
2024-02-29 14:47:16.945919,-46,119,0,35.62,-679.78,-818.62,324642.50,-46462.50,-332.50
2024-02-29 14:47:16.953075,-46,196,0,39.77,-701.87,-806.30,358050.00,-47635.00,18322.50
2024-02-29 14:47:16.964393,-46,263,0,44.41,-723.09,-785.68,354900.00,-44957.50,36295.00
2024-02-29 14:47:16.973076,-46,196,0,47.09,-726.39,-754.20,326357.50,-23275.00,27405.00
2024-02-29 14:47:16.978689,-46,109,0,42.46,-708.70,-720.78,126892.50,-8032.50,16520.00
2024-02-29 14:47:16.988524,-46,194,0,35.38,-696.62,-699.30,-38745.00,1627.50,2380.00
2024-02-29 14:47:17.000552,-46,195,0,28.30,-705.65,-689.06,7157.50,3465.00,-4042.50
2024-02-29 14:47:17.006909,-46,288,0,22.45,-721.02,-679.05,138897.50,2205.00,2222.50
2024-02-29 14:47:17.018879,-46,196,0,17.81,-718.82,-661.61,19705.00,8242.50,420.00
2024-02-29 14:47:17.027526,-46,126,0,14.88,-710.53,-643.43,-200707.50,17237.50,-4357.50
2024-02-29 14:47:17.032606,-46,195,0,11.71,-717.12,-635.25,-307772.50,26040.00,-5477.50
2024-02-29 14:47:17.042843,-46,199,0,7.08,-731.63,-634.40,-192010.00,32147.50,2502.50
2024-02-29 14:47:17.053788,-46,134,0,3.78,-719.80,-623.91,-196332.50,37135.00,10412.50
2024-02-29 14:47:17.060837,-46,197,0,2.68,-669.78,-596.34,-418110.00,52220.00,-8417.50
2024-02-29 14:47:17.072171,-46,197,0,3.66,-608.66,-561.08,-570500.00,80622.50,-36995.00
2024-02-29 14:47:17.079611,-46,197,0,5.86,-558.76,-527.77,-573370.00,115045.00,-55510.00
2024-02-29 14:47:17.089768,-46,194,0,7.08,-546.93,-523.87,-570587.50,151095.00,-55947.50
2024-02-29 14:47:17.097052,-46,123,0,2.07,-576.69,-566.93,-545667.50,90107.50,29732.50
2024-02-29 14:47:17.107279,-46,195,0,-3.90,-593.29,-578.28,-567630.00,26040.00,78330.00
2024-02-29 14:47:17.114491,-46,197,0,-5.98,-584.26,-541.19,-375865.00,6755.00,88025.00
2024-02-29 14:47:17.124742,-46,196,0,-8.05,-565.23,-509.96,-101010.00,-4987.50,99330.00
2024-02-29 14:47:17.132344,-46,196,0,-1.46,-518.62,-522.77,-298480.00,-11410.00,112192.50
2024-02-29 14:47:17.143417,-46,194,0,8.42,-471.04,-562.79,-573055.00,-62422.50,116007.50
2024-02-29 14:47:17.151374,-46,151,0,12.93,-434.20,-580.96,-542570.00,-134120.00,113085.00
2024-02-29 14:47:17.162134,-46,219,0,7.20,-383.57,-590.24,-421925.00,-175245.00,86992.50
2024-02-29 14:47:17.169671,-46,193,0,-8.17,-328.55,-583.89,-68967.50,-53620.00,75425.00
2024-02-29 14:47:17.179551,-46,202,0,-13.42,-290.12,-557.78,-125755.00,-13247.50,75390.00
2024-02-29 14:47:17.187285,-46,115,0,-8.30,-266.81,-569.37,-238140.00,-48440.00,76177.50
2024-02-29 14:47:17.197227,-46,107,0,-6.59,-227.90,-618.91,-242270.00,-47197.50,80430.00
2024-02-29 14:47:17.204908,-46,194,0,-5.86,-188.73,-660.75,-520625.00,-54145.00,82862.50
2024-02-29 14:47:17.214771,-46,163,0,-1.34,-155.18,-678.20,-571375.00,-57207.50,90475.00
2024-02-29 14:47:17.222217,-46,275,0,2.20,-111.14,-678.32,-573370.00,-69825.00,84052.50
2024-02-29 14:47:17.232577,-46,195,0,4.64,-64.42,-678.08,-573370.00,-71645.00,75792.50
2024-02-29 14:47:17.243334,-46,196,0,2.56,-30.01,-677.10,-440562.50,-75967.50,56350.00
2024-02-29 14:47:17.250240,-46,275,0,-2.68,20.86,-662.58,152040.00,-63927.50,42665.00
2024-02-29 14:47:17.260711,-46,195,0,1.83,92.23,-637.94,35630.00,-38762.50,25655.00
2024-02-29 14:47:17.267245,-46,195,0,9.88,145.91,-623.91,-82232.50,-26582.50,18550.00
2024-02-29 14:47:17.278392,-46,204,0,12.44,190.32,-617.56,6020.00,-14717.50,8715.00
2024-02-29 14:47:17.282565,-46,198,0,13.66,231.07,-613.66,-3692.50,-4655.00,2782.50
2024-02-29 14:47:17.294938,-46,193,0,14.27,268.77,-609.15,-280.00,-402.50,-315.00
2024-02-29 14:47:17.306273,-46,197,0,14.64,304.27,-604.39,1452.50,-297.50,-402.50
2024-02-29 14:47:17.312042,-46,196,0,15.01,337.45,-600.24,1575.00,-192.50,-315.00
2024-02-29 14:47:17.322574,-46,197,0,15.25,368.68,-596.82,805.00,-262.50,-367.50
2024-02-29 14:47:17.335251,-46,149,0,15.62,398.21,-593.77,385.00,-262.50,-385.00
2024-02-29 14:47:17.340390,-46,221,0,15.74,425.54,-590.60,0.00,-227.50,-367.50
2024-02-29 14:47:17.350972,-46,202,0,15.86,451.40,-587.67,-70.00,-332.50,-420.00
2024-02-29 14:47:17.356330,-46,198,0,15.98,475.43,-584.75,35.00,-245.00,-367.50
2024-02-29 14:47:17.367941,-46,197,0,16.10,498.25,-582.06,297.50,-245.00,-402.50
2024-02-29 14:47:17.380572,-46,196,0,16.35,519.35,-579.50,490.00,-350.00,-490.00
2024-02-29 14:47:17.386063,-46,136,0,16.47,539.00,-577.06,752.50,-367.50,-385.00
2024-02-29 14:47:17.398525,-46,197,0,16.47,557.30,-574.62,857.50,-332.50,-420.00
2024-02-29 14:47:17.404016,-46,183,0,16.59,574.62,-572.42,717.50,-262.50,-402.50
2024-02-29 14:47:17.416567,-46,198,0,16.84,591.09,-570.47,420.00,-227.50,-420.00
2024-02-29 14:47:17.422105,-46,100,0,16.96,606.58,-569.01,245.00,-245.00,-367.50
2024-02-29 14:47:17.434646,-46,179,0,17.08,620.98,-567.42,262.50,-280.00,-367.50
2024-02-29 14:47:17.439926,-46,114,0,17.20,634.40,-565.84,105.00,-227.50,-367.50
2024-02-29 14:47:17.451422,-46,123,0,17.32,646.84,-564.37,420.00,-157.50,-420.00
2024-02-29 14:47:17.456805,-46,189,0,17.57,658.56,-562.91,752.50,-140.00,-420.00
2024-02-29 14:47:17.469405,-46,198,0,17.69,669.41,-561.69,805.00,-210.00,-402.50
2024-02-29 14:47:17.474811,-46,198,0,17.81,679.66,-560.47,612.50,-157.50,-420.00
2024-02-29 14:47:17.485672,-46,152,0,17.81,689.54,-559.49,490.00,-175.00,-332.50
2024-02-29 14:47:17.498033,-46,111,0,18.06,698.69,-558.64,280.00,-245.00,-367.50
2024-02-29 14:47:17.503581,-46,111,0,18.06,707.23,-557.78,315.00,-245.00,-402.50
2024-02-29 14:47:17.514928,-46,196,0,18.18,715.16,-556.81,280.00,-192.50,-350.00
2024-02-29 14:47:17.520560,-46,199,0,18.18,722.48,-555.95,525.00,-227.50,-315.00
2024-02-29 14:47:17.532918,-46,110,0,18.18,729.44,-555.10,577.50,-245.00,-332.50
2024-02-29 14:47:17.538499,-46,199,0,18.30,736.03,-554.37,595.00,-227.50,-350.00
2024-02-29 14:47:17.549830,-46,113,0,18.18,742.13,-553.76,455.00,-175.00,-297.50
2024-02-29 14:47:17.555326,-46,215,0,18.18,747.98,-553.03,420.00,-245.00,-280.00
2024-02-29 14:47:17.567738,-46,103,0,18.18,753.47,-552.42,402.50,-210.00,-280.00
2024-02-29 14:47:17.573198,-46,200,0,18.18,758.60,-551.81,385.00,-175.00,-350.00
2024-02-29 14:47:17.583908,-46,196,0,18.18,763.23,-551.20,612.50,-157.50,-385.00
2024-02-29 14:47:17.596644,-46,104,0,18.18,767.75,-550.46,612.50,-210.00,-332.50
2024-02-29 14:47:17.602191,-46,200,0,18.18,772.14,-550.10,507.50,-192.50,-262.50
2024-02-29 14:47:17.613421,-46,198,0,18.18,776.29,-549.49,472.50,-157.50,-297.50
2024-02-29 14:47:17.618978,-46,120,0,18.18,779.95,-549.00,455.00,-175.00,-262.50
2024-02-29 14:47:17.631365,-46,196,0,18.18,783.48,-548.51,525.00,-175.00,-280.00
2024-02-29 14:47:17.636910,-46,202,0,18.30,786.90,-548.02,612.50,-140.00,-332.50
2024-02-29 14:47:17.646625,-46,199,0,18.30,790.07,-547.66,577.50,-192.50,-332.50
2024-02-29 14:47:17.659024,-46,232,0,18.30,793.24,-547.54,560.00,-192.50,-367.50
2024-02-29 14:47:17.664576,-46,199,0,18.30,796.05,-547.17,542.50,-262.50,-367.50
2024-02-29 14:47:17.675350,-46,195,0,18.30,798.37,-546.80,542.50,-175.00,-367.50
2024-02-29 14:47:17.687693,-46,197,0,18.42,800.56,-546.32,455.00,-227.50,-297.50
2024-02-29 14:47:17.693221,-46,199,0,18.42,802.76,-545.95,507.50,-157.50,-297.50
2024-02-29 14:47:17.704652,-46,101,0,18.42,804.96,-545.71,560.00,-210.00,-332.50
2024-02-29 14:47:17.710170,-46,200,0,18.42,807.15,-545.71,542.50,-262.50,-332.50
2024-02-29 14:47:17.722638,-46,116,0,18.42,808.98,-545.71,385.00,-280.00,-367.50
2024-02-29 14:47:17.728042,-46,200,0,18.30,810.57,-545.46,420.00,-175.00,-367.50
2024-02-29 14:47:17.739860,-46,288,0,18.30,811.79,-545.10,507.50,-140.00,-350.00
2024-02-29 14:47:17.745009,-46,120,0,18.30,813.13,-544.85,595.00,-140.00,-297.50
2024-02-29 14:47:17.756931,-46,199,0,18.30,814.47,-544.85,560.00,-192.50,-315.00
2024-02-29 14:47:17.768516,-46,200,0,18.30,815.94,-544.85,542.50,-245.00,-315.00
2024-02-29 14:47:17.774326,-46,196,0,18.30,817.28,-544.97,472.50,-192.50,-297.50
2024-02-29 14:47:17.786377,-46,291,0,18.30,818.38,-544.97,402.50,-122.50,-332.50
2024-02-29 14:47:17.792091,-46,197,0,18.42,819.60,-544.85,472.50,-157.50,-367.50
2024-02-29 14:47:17.804347,-46,197,0,18.42,820.57,-544.73,490.00,-192.50,-367.50
2024-02-29 14:47:17.809894,-46,119,0,18.54,821.55,-544.61,455.00,-87.50,-227.50
2024-02-29 14:47:17.821193,-46,217,0,18.54,822.52,-544.61,560.00,-157.50,-245.00
2024-02-29 14:47:17.826956,-46,195,0,18.67,823.50,-544.49,490.00,-157.50,-385.00
2024-02-29 14:47:17.839172,-46,195,0,18.67,824.23,-544.36,420.00,-210.00,-402.50
2024-02-29 14:47:17.844987,-46,206,0,18.67,824.72,-544.12,420.00,-157.50,-385.00
2024-02-29 14:47:17.856447,-46,199,0,18.67,825.33,-544.00,560.00,-157.50,-315.00
2024-02-29 14:47:17.868811,-46,199,0,18.54,825.94,-543.88,542.50,-175.00,-262.50
2024-02-29 14:47:17.874565,-46,118,0,18.67,826.67,-543.88,507.50,-157.50,-297.50
2024-02-29 14:47:17.886738,-46,197,0,18.54,827.40,-543.88,507.50,-192.50,-297.50
2024-02-29 14:47:17.892570,-46,198,0,18.54,828.01,-543.63,542.50,-210.00,-332.50
2024-02-29 14:47:17.903794,-46,198,0,18.42,828.38,-543.39,525.00,-157.50,-280.00
2024-02-29 14:47:17.909512,-46,200,0,18.42,828.87,-543.14,542.50,-227.50,-280.00
2024-02-29 14:47:17.920760,-46,138,0,18.42,829.23,-543.14,542.50,-192.50,-350.00
2024-02-29 14:47:17.926497,-46,198,0,18.42,829.72,-543.02,630.00,-140.00,-280.00
2024-02-29 14:47:17.938568,-46,202,0,18.30,830.09,-542.90,595.00,-105.00,-280.00
2024-02-29 14:47:17.944364,-46,198,0,18.30,830.45,-542.90,490.00,-210.00,-262.50
2024-02-29 14:47:17.954882,-46,200,0,18.30,830.94,-542.90,402.50,-227.50,-332.50
2024-02-29 14:47:17.967098,-46,196,0,18.30,831.31,-542.66,437.50,-192.50,-297.50
2024-02-29 14:47:17.972369,-46,120,0,18.42,831.55,-542.66,507.50,-52.50,-245.00
2024-02-29 14:47:17.983844,-46,198,0,18.54,831.80,-542.66,630.00,-227.50,-262.50
2024-02-29 14:47:17.989477,-46,138,0,18.54,832.16,-542.90,577.50,-280.00,-245.00
2024-02-29 14:47:18.002220,-46,199,0,18.67,832.41,-542.90,560.00,-315.00,-332.50
2024-02-29 14:47:18.007793,-46,120,0,18.67,832.53,-542.90,455.00,-175.00,-367.50
2024-02-29 14:47:18.018110,-46,129,0,18.67,832.65,-542.78,455.00,-157.50,-367.50
2024-02-29 14:47:18.030702,-46,183,0,18.67,832.77,-542.78,455.00,-140.00,-367.50
2024-02-29 14:47:18.036298,-46,133,0,18.67,833.14,-542.78,507.50,-52.50,-367.50
2024-02-29 14:47:18.047361,-46,200,0,18.79,833.50,-543.02,577.50,-175.00,-350.00
2024-02-29 14:47:18.052954,-46,200,0,18.79,833.63,-543.14,507.50,-210.00,-350.00
2024-02-29 14:47:18.065383,-46,200,0,18.79,833.75,-543.14,507.50,-210.00,-315.00
2024-02-29 14:47:18.070760,-46,120,0,18.67,833.75,-543.02,542.50,-210.00,-280.00
2024-02-29 14:47:18.081517,-46,199,0,18.54,833.75,-543.02,542.50,-122.50,-245.00
2024-02-29 14:47:18.093933,-46,203,0,18.54,833.87,-543.02,560.00,-192.50,-297.50
2024-02-29 14:47:18.099499,-46,198,0,18.54,834.11,-543.14,420.00,-157.50,-332.50
2024-02-29 14:47:18.110891,-46,200,0,18.54,834.24,-543.27,472.50,-210.00,-367.50
2024-02-29 14:47:18.116364,-46,284,0,18.54,834.36,-543.14,542.50,-157.50,-367.50
2024-02-29 14:47:18.128854,-46,121,0,18.54,834.24,-543.02,542.50,-157.50,-367.50
2024-02-29 14:47:18.134397,-46,200,0,18.54,834.24,-543.02,525.00,-192.50,-280.00
2024-02-29 14:47:18.144965,-46,200,0,18.42,834.24,-542.90,525.00,-157.50,-227.50
2024-02-29 14:47:18.157501,-46,197,0,18.54,834.48,-542.90,542.50,-105.00,-210.00
2024-02-29 14:47:18.162982,-46,195,0,18.54,834.72,-542.90,507.50,-140.00,-210.00
2024-02-29 14:47:18.174386,-46,199,0,18.54,834.97,-542.90,490.00,-157.50,-297.50
2024-02-29 14:47:18.179870,-46,282,0,18.54,834.97,-542.78,507.50,-210.00,-402.50
2024-02-29 14:47:18.192363,-46,116,0,18.54,835.09,-542.66,472.50,-227.50,-315.00
2024-02-29 14:47:18.197954,-46,211,0,18.67,834.97,-542.53,577.50,-245.00,-297.50
2024-02-29 14:47:18.209664,-46,196,0,18.54,835.09,-542.41,525.00,-157.50,-315.00
2024-02-29 14:47:18.215429,-46,200,0,18.54,835.33,-542.41,472.50,-227.50,-350.00
2024-02-29 14:47:18.226891,-46,200,0,18.54,835.46,-542.41,472.50,-157.50,-350.00
2024-02-29 14:47:18.238280,-46,162,0,18.54,835.58,-542.29,490.00,-210.00,-367.50
2024-02-29 14:47:18.244057,-46,200,0,18.54,835.58,-542.29,455.00,-227.50,-350.00
2024-02-29 14:47:18.256292,-46,164,0,18.54,835.46,-542.29,472.50,-157.50,-315.00
2024-02-29 14:47:18.262001,-46,200,0,18.67,835.58,-542.41,542.50,-210.00,-262.50
2024-02-29 14:47:18.273195,-46,199,0,18.54,835.58,-542.41,560.00,-140.00,-245.00
2024-02-29 14:47:18.278951,-46,197,0,18.54,835.58,-542.53,560.00,-157.50,-332.50
2024-02-29 14:47:18.289359,-46,199,0,18.54,835.58,-542.53,560.00,-192.50,-350.00
2024-02-29 14:47:18.300871,-46,200,0,18.54,835.46,-542.41,542.50,-245.00,-280.00
2024-02-29 14:47:18.306667,-46,200,0,18.54,835.46,-542.41,490.00,-210.00,-332.50
2024-02-29 14:47:18.318846,-46,118,0,18.54,835.46,-542.53,577.50,-262.50,-350.00
2024-02-29 14:47:18.324277,-46,199,0,18.54,835.46,-542.53,560.00,-192.50,-332.50
2024-02-29 14:47:18.334904,-46,199,0,18.54,835.46,-542.66,525.00,-105.00,-315.00
2024-02-29 14:47:18.347554,-46,113,0,18.54,835.46,-542.78,437.50,-192.50,-332.50
2024-02-29 14:47:18.353086,-46,198,0,18.54,835.46,-542.78,472.50,-192.50,-315.00
2024-02-29 14:47:18.364528,-46,197,0,18.54,835.46,-542.66,507.50,-245.00,-297.50
2024-02-29 14:47:18.370071,-46,198,0,18.54,835.33,-542.66,507.50,-122.50,-262.50
2024-02-29 14:47:18.382766,-46,157,0,18.67,835.46,-542.66,455.00,-157.50,-262.50
2024-02-29 14:47:18.387970,-46,195,0,18.67,835.58,-542.66,542.50,-210.00,-262.50
2024-02-29 14:47:18.400080,-46,122,0,18.79,835.70,-542.66,455.00,-192.50,-245.00
2024-02-29 14:47:18.405519,-46,110,0,18.79,835.58,-542.66,472.50,-210.00,-297.50
2024-02-29 14:47:18.416489,-46,193,0,18.67,835.70,-542.66,525.00,-157.50,-280.00
2024-02-29 14:47:18.427986,-46,197,0,18.67,835.58,-542.66,507.50,-175.00,-297.50
2024-02-29 14:47:18.433761,-46,206,0,18.67,835.58,-542.53,560.00,-210.00,-297.50
2024-02-29 14:47:18.445967,-46,195,0,18.79,835.70,-542.41,472.50,-192.50,-315.00
2024-02-29 14:47:18.451598,-46,197,0,18.67,835.70,-542.53,455.00,-157.50,-297.50
2024-02-29 14:47:18.463973,-46,193,0,18.67,835.82,-542.41,525.00,-245.00,-350.00
2024-02-29 14:47:18.469413,-46,196,0,18.54,835.70,-542.41,525.00,-157.50,-315.00
2024-02-29 14:47:18.481963,-46,193,0,18.67,835.70,-542.17,507.50,-87.50,-262.50
2024-02-29 14:47:18.487298,-46,199,0,18.67,835.70,-542.17,507.50,-175.00,-280.00
2024-02-29 14:47:18.499796,-46,198,0,18.67,835.70,-542.17,525.00,-227.50,-245.00
2024-02-29 14:47:18.505222,-46,198,0,18.79,835.82,-542.17,507.50,-245.00,-297.50
2024-02-29 14:47:18.517602,-46,192,0,18.67,835.94,-542.17,455.00,-192.50,-280.00
2024-02-29 14:47:18.523368,-46,198,0,18.67,835.94,-542.17,455.00,-140.00,-297.50
2024-02-29 14:47:18.535684,-46,200,0,18.54,835.94,-542.17,542.50,-175.00,-280.00
2024-02-29 14:47:18.541193,-46,199,0,18.54,835.82,-542.17,595.00,-227.50,-280.00
2024-02-29 14:47:18.551841,-46,218,0,18.54,835.94,-542.17,542.50,-262.50,-367.50
2024-02-29 14:47:18.564360,-46,198,0,18.67,836.07,-542.29,507.50,-280.00,-280.00
2024-02-29 14:47:18.569933,-46,199,0,18.67,836.07,-542.41,525.00,-210.00,-315.00
2024-02-29 14:47:18.581287,-46,197,0,18.79,835.94,-542.29,560.00,-262.50,-332.50
2024-02-29 14:47:18.586823,-46,194,0,18.79,835.82,-542.29,560.00,-157.50,-367.50
2024-02-29 14:47:18.599276,-46,192,0,18.79,835.82,-542.41,472.50,-157.50,-332.50
2024-02-29 14:47:18.604754,-46,194,0,18.91,835.82,-542.41,507.50,-192.50,-297.50
2024-02-29 14:47:18.615437,-46,195,0,18.91,835.82,-542.53,507.50,-157.50,-350.00
2024-02-29 14:47:18.627850,-46,123,0,18.91,835.82,-542.53,507.50,-140.00,-245.00
2024-02-29 14:47:18.633485,-46,197,0,18.91,835.82,-542.66,525.00,-157.50,-280.00
2024-02-29 14:47:18.644853,-46,195,0,18.91,835.94,-542.66,595.00,-245.00,-297.50
2024-02-29 14:47:18.650558,-46,193,0,18.91,835.82,-542.66,577.50,-227.50,-297.50
2024-02-29 14:47:18.662934,-46,190,0,18.79,835.70,-542.66,525.00,-210.00,-385.00
2024-02-29 14:47:18.668414,-46,113,0,18.79,835.70,-542.78,507.50,-192.50,-280.00
2024-02-29 14:47:18.679678,-46,197,0,18.79,835.70,-542.78,542.50,-280.00,-332.50
2024-02-29 14:47:18.685365,-46,279,0,18.79,835.82,-542.78,472.50,-175.00,-367.50
2024-02-29 14:47:18.697807,-46,202,0,18.79,835.94,-542.78,507.50,-175.00,-350.00
2024-02-29 14:47:18.703274,-46,209,0,18.79,835.82,-542.66,507.50,-157.50,-297.50
2024-02-29 14:47:18.713877,-46,199,0,18.79,835.94,-542.66,525.00,-262.50,-245.00
2024-02-29 14:47:18.726254,-46,200,0,18.79,835.82,-542.66,490.00,-122.50,-315.00
2024-02-29 14:47:18.732022,-46,103,0,18.79,835.82,-542.53,507.50,-175.00,-367.50
2024-02-29 14:47:18.743269,-46,202,0,18.79,835.94,-542.66,525.00,-245.00,-245.00
2024-02-29 14:47:18.749096,-46,204,0,18.79,836.07,-542.66,577.50,-175.00,-332.50
2024-02-29 14:47:18.759309,-46,201,0,18.79,836.19,-542.66,490.00,-245.00,-367.50
2024-02-29 14:47:18.770922,-46,203,0,18.79,836.19,-542.53,525.00,-227.50,-385.00
2024-02-29 14:47:18.776751,-46,156,0,18.67,836.07,-542.41,455.00,-192.50,-350.00
2024-02-29 14:47:18.788828,-46,199,0,18.67,835.94,-542.29,507.50,-105.00,-315.00
2024-02-29 14:47:18.794588,-46,152,0,18.79,835.94,-542.29,542.50,-175.00,-297.50
2024-02-29 14:47:18.805058,-46,200,0,18.67,836.19,-542.41,595.00,-280.00,-332.50
2024-02-29 14:47:18.817560,-46,198,0,18.67,836.31,-542.53,577.50,-262.50,-350.00
2024-02-29 14:47:18.823156,-46,199,0,18.67,836.19,-542.41,490.00,-175.00,-332.50
2024-02-29 14:47:18.834547,-46,202,0,18.67,836.07,-542.41,490.00,-175.00,-350.00
2024-02-29 14:47:18.840057,-46,274,0,18.67,835.94,-542.41,525.00,-262.50,-332.50
2024-02-29 14:47:18.852405,-46,201,0,18.67,835.94,-542.41,577.50,-140.00,-262.50
2024-02-29 14:47:18.858113,-46,197,0,18.67,835.94,-542.53,490.00,-192.50,-385.00
2024-02-29 14:47:18.870408,-46,202,0,18.79,836.19,-542.66,542.50,-140.00,-332.50
2024-02-29 14:47:18.875935,-46,201,0,18.67,835.94,-542.66,490.00,-157.50,-297.50
2024-02-29 14:47:18.887226,-46,203,0,18.79,835.94,-542.66,420.00,-140.00,-280.00
2024-02-29 14:47:18.892960,-46,193,0,18.79,835.94,-542.66,612.50,-192.50,-367.50
2024-02-29 14:47:18.904321,-46,200,0,18.79,835.70,-542.66,525.00,-175.00,-297.50
2024-02-29 14:47:18.916807,-46,116,0,18.79,835.58,-542.66,490.00,-157.50,-262.50
2024-02-29 14:47:18.922336,-46,117,0,18.79,835.70,-542.90,595.00,-175.00,-262.50
2024-02-29 14:47:18.934652,-46,201,0,18.79,835.82,-542.90,472.50,-157.50,-262.50
2024-02-29 14:47:18.940243,-46,125,0,18.79,835.82,-542.90,455.00,-227.50,-315.00
2024-02-29 14:47:18.951813,-46,203,0,18.79,835.94,-542.90,560.00,-227.50,-350.00
2024-02-29 14:47:18.957367,-46,198,0,18.79,835.94,-543.02,507.50,-192.50,-332.50
2024-02-29 14:47:18.969885,-46,201,0,18.79,835.82,-542.90,542.50,-227.50,-262.50
2024-02-29 14:47:18.975428,-46,200,0,18.79,835.70,-542.90,437.50,-227.50,-297.50
2024-02-29 14:47:18.986796,-46,117,0,18.79,835.82,-542.78,455.00,-210.00,-297.50
2024-02-29 14:47:18.992538,-46,201,0,18.79,835.70,-542.78,455.00,-192.50,-280.00
2024-02-29 14:47:19.003960,-46,196,0,18.79,835.82,-542.66,455.00,-70.00,-245.00
2024-02-29 14:47:19.014383,-46,199,0,18.79,835.82,-542.66,507.50,-157.50,-280.00
2024-02-29 14:47:19.019949,-46,199,0,18.79,835.82,-542.53,490.00,-227.50,-367.50
2024-02-29 14:47:19.032410,-46,199,0,18.79,835.82,-542.41,490.00,-245.00,-332.50
2024-02-29 14:47:19.038046,-46,130,0,18.67,835.94,-542.41,560.00,-245.00,-315.00
2024-02-29 14:47:19.048153,-46,199,0,18.67,835.94,-542.41,455.00,-157.50,-315.00
2024-02-29 14:47:19.060753,-46,197,0,18.67,836.07,-542.41,455.00,-192.50,-350.00
2024-02-29 14:47:19.066075,-46,289,0,18.67,835.94,-542.41,507.50,-210.00,-350.00
2024-02-29 14:47:19.077690,-46,101,0,18.67,835.94,-542.41,525.00,-192.50,-332.50
2024-02-29 14:47:19.083187,-46,200,0,18.67,835.94,-542.29,472.50,-175.00,-280.00
2024-02-29 14:47:19.095567,-46,110,0,18.54,835.94,-542.29,525.00,-175.00,-280.00
2024-02-29 14:47:19.101139,-46,200,0,18.54,836.07,-542.29,507.50,-175.00,-315.00
2024-02-29 14:47:19.111804,-46,114,0,18.54,835.94,-542.29,455.00,-157.50,-280.00
2024-02-29 14:47:19.124268,-46,199,0,18.54,835.94,-542.41,490.00,-175.00,-280.00
2024-02-29 14:47:19.129831,-46,200,0,18.54,836.07,-542.41,560.00,-227.50,-367.50
2024-02-29 14:47:19.141204,-46,115,0,18.54,836.07,-542.41,525.00,-140.00,-350.00
2024-02-29 14:47:19.146685,-46,200,0,18.54,835.94,-542.53,525.00,-210.00,-367.50
2024-02-29 14:47:19.159156,-46,123,0,18.54,835.94,-542.53,455.00,-175.00,-350.00
2024-02-29 14:47:19.164728,-46,197,0,18.54,835.82,-542.53,472.50,-140.00,-280.00
2024-02-29 14:47:19.175296,-46,200,0,18.54,835.82,-542.53,490.00,-175.00,-315.00
2024-02-29 14:47:19.186794,-46,121,0,18.54,835.70,-542.66,507.50,-210.00,-315.00
2024-02-29 14:47:19.192295,-46,199,0,18.54,835.70,-542.66,560.00,-122.50,-227.50
2024-02-29 14:47:19.203753,-46,115,0,18.54,835.70,-542.78,525.00,-87.50,-245.00
2024-02-29 14:47:19.209192,-46,199,0,18.54,835.70,-542.90,472.50,-157.50,-280.00
2024-02-29 14:47:19.221581,-46,200,0,18.67,835.70,-542.90,455.00,-210.00,-245.00
2024-02-29 14:47:19.227102,-46,199,0,18.67,835.70,-542.78,542.50,-227.50,-280.00
2024-02-29 14:47:19.237790,-46,200,0,18.79,835.82,-542.78,507.50,-122.50,-350.00
2024-02-29 14:47:19.250233,-46,135,0,18.67,835.82,-542.78,525.00,-210.00,-350.00
2024-02-29 14:47:19.255767,-46,200,0,18.67,835.94,-542.78,595.00,-192.50,-332.50
2024-02-29 14:47:19.267175,-46,197,0,18.67,835.94,-542.78,542.50,-140.00,-315.00
2024-02-29 14:47:19.272644,-46,200,0,18.54,835.94,-542.66,455.00,-140.00,-297.50
2024-02-29 14:47:19.285057,-46,197,0,18.54,835.94,-542.66,507.50,-175.00,-332.50
2024-02-29 14:47:19.290490,-46,122,0,18.67,835.94,-542.53,472.50,-122.50,-350.00
2024-02-29 14:47:19.301201,-46,115,0,18.54,835.94,-542.41,472.50,-122.50,-332.50
2024-02-29 14:47:19.312961,-46,201,0,18.54,836.07,-542.53,490.00,-262.50,-315.00
2024-02-29 14:47:19.318214,-46,236,0,18.54,836.19,-542.41,490.00,-192.50,-297.50
2024-02-29 14:47:19.328870,-46,200,0,18.54,836.19,-542.41,490.00,-122.50,-227.50
2024-02-29 14:47:19.341474,-46,197,0,18.54,836.19,-542.41,507.50,-140.00,-297.50
2024-02-29 14:47:19.347150,-46,202,0,18.54,836.19,-542.41,542.50,-192.50,-315.00
2024-02-29 14:47:19.357652,-46,199,0,18.54,836.19,-542.41,507.50,-175.00,-297.50
2024-02-29 14:47:19.363331,-46,118,0,18.67,836.19,-542.29,507.50,-157.50,-315.00
2024-02-29 14:47:19.375581,-46,197,0,18.67,836.19,-542.41,525.00,-122.50,-262.50
2024-02-29 14:47:19.381448,-46,117,0,18.79,836.19,-542.41,542.50,-105.00,-227.50
2024-02-29 14:47:19.391782,-46,181,0,18.79,836.19,-542.41,612.50,-227.50,-297.50
2024-02-29 14:47:19.404368,-46,199,0,18.79,836.19,-542.41,507.50,-192.50,-350.00
2024-02-29 14:47:19.409975,-46,200,0,18.79,836.19,-542.41,525.00,-175.00,-367.50
2024-02-29 14:47:19.421314,-46,200,0,18.79,836.19,-542.41,612.50,-210.00,-262.50
2024-02-29 14:47:19.426795,-46,187,0,18.79,836.19,-542.66,472.50,-227.50,-315.00
2024-02-29 14:47:19.439081,-46,200,0,18.79,836.19,-542.66,472.50,-262.50,-385.00
2024-02-29 14:47:19.444790,-46,148,0,18.79,835.94,-542.66,490.00,-192.50,-332.50
2024-02-29 14:47:19.455235,-46,198,0,18.79,835.94,-542.78,525.00,-122.50,-297.50
2024-02-29 14:47:19.467862,-46,213,0,18.79,835.82,-542.66,490.00,-105.00,-280.00
2024-02-29 14:47:19.473429,-46,201,0,18.91,835.82,-542.78,472.50,-105.00,-350.00
2024-02-29 14:47:19.483741,-46,199,0,19.03,835.94,-542.78,665.00,-210.00,-315.00
2024-02-29 14:47:19.489245,-46,200,0,19.03,835.94,-542.90,525.00,-227.50,-315.00
2024-02-29 14:47:19.500874,-46,197,0,19.03,835.94,-542.90,437.50,-192.50,-297.50
2024-02-29 14:47:19.512278,-46,199,0,19.03,835.94,-542.90,490.00,-175.00,-332.50
2024-02-29 14:47:19.517933,-46,104,0,18.91,835.94,-542.90,490.00,-175.00,-350.00
2024-02-29 14:47:19.528896,-46,202,0,18.79,835.94,-542.90,560.00,-280.00,-350.00
2024-02-29 14:47:19.534361,-46,211,0,18.79,835.94,-542.78,490.00,-210.00,-262.50
2024-02-29 14:47:19.545107,-46,208,0,18.79,835.94,-542.78,472.50,-175.00,-315.00
2024-02-29 14:47:19.557566,-46,199,0,18.79,835.94,-542.78,437.50,-192.50,-297.50
2024-02-29 14:47:19.563080,-46,132,0,18.79,835.94,-542.78,542.50,-192.50,-297.50
2024-02-29 14:47:19.574500,-46,199,0,18.67,835.82,-542.66,560.00,-140.00,-332.50
2024-02-29 14:47:19.579939,-46,106,0,18.67,835.82,-542.53,525.00,-175.00,-350.00
2024-02-29 14:47:19.592449,-46,178,0,18.67,835.94,-542.53,542.50,-227.50,-402.50
2024-02-29 14:47:19.598009,-46,201,0,18.67,836.07,-542.41,542.50,-210.00,-297.50
2024-02-29 14:47:19.610421,-46,122,0,18.67,836.07,-542.41,455.00,-192.50,-297.50
2024-02-29 14:47:19.616060,-46,201,0,18.67,836.07,-542.41,507.50,-140.00,-262.50
