Time,x,y,pressure,accel_x,accel_y,accel_z,gyro_x,gyro_y,gyro_z
2024-02-29 14:30:50.247149,113,46,498,-849.36,-476.04,288.90,-10675.00,-2415.00,24307.50
2024-02-29 14:30:50.254203,114,44,0,-847.41,-477.02,285.60,-6667.50,-8855.00,27527.50
2024-02-29 14:30:50.265601,114,51,0,-845.58,-477.26,280.97,-1400.00,-14805.00,28962.50
2024-02-29 14:30:50.272963,115,43,0,-843.26,-483.49,273.65,-8312.50,-21927.50,32270.00
2024-02-29 14:30:50.283207,115,45,499,-838.99,-476.53,277.55,1417.50,-24237.50,32410.00
2024-02-29 14:30:50.290228,115,43,0,-834.72,-456.65,292.80,-840.00,-14542.50,14560.00
2024-02-29 14:30:50.300783,114,45,529,-832.28,-453.60,300.00,-1732.50,-8925.00,6702.50
2024-02-29 14:30:50.307277,113,46,0,-830.70,-458.72,302.44,3062.50,-7875.00,7630.00
2024-02-29 14:30:50.318081,112,46,0,-829.72,-457.99,307.20,5635.00,-5180.00,5897.50
2024-02-29 14:30:50.324578,111,48,496,-829.36,-455.79,311.59,5110.00,-1102.50,2555.00
2024-02-29 14:30:50.335208,110,48,487,-829.60,-457.50,312.08,5477.50,385.00,2047.50
2024-02-29 14:30:50.347349,109,49,492,-830.09,-459.94,311.10,6457.50,70.00,2940.00
2024-02-29 14:30:50.353430,107,49,528,-831.31,-459.57,311.59,4130.00,1120.00,2870.00
2024-02-29 14:30:50.364480,105,51,531,-833.26,-458.11,312.81,-1067.50,3045.00,2100.00
2024-02-29 14:30:50.370987,102,55,0,-836.43,-457.74,312.44,-6160.00,4375.00,1242.50
2024-02-29 14:30:50.382941,100,53,533,-847.66,-448.72,306.10,-3797.50,2065.00,-3377.50
2024-02-29 14:30:50.389952,98,54,532,-871.81,-417.00,290.60,6020.00,-10430.00,-26460.00
2024-02-29 14:30:50.401378,95,54,568,-898.90,-376.86,275.23,14525.00,-27195.00,-64907.50
2024-02-29 14:30:50.410015,92,54,565,-918.05,-359.17,267.06,24832.50,-36085.00,-90195.00
2024-02-29 14:30:50.416292,89,42,0,-931.35,-368.20,264.13,40792.50,-38710.00,-92995.00
2024-02-29 14:30:50.426166,86,56,633,-944.40,-383.57,261.93,60445.00,-40215.00,-89267.50
2024-02-29 14:30:50.437808,84,49,0,-951.23,-391.25,264.86,77875.00,-41160.00,-92120.00
2024-02-29 14:30:50.446349,82,55,537,-948.55,-385.64,282.31,93012.50,-29347.50,-104230.00
2024-02-29 14:30:50.452729,80,55,590,-943.43,-373.81,301.83,78715.00,-11865.00,-123392.50
2024-02-29 14:30:50.463084,78,53,497,-935.86,-370.64,314.27,49157.50,-70.00,-137445.00
2024-02-29 14:30:50.470442,76,53,506,-924.88,-374.54,324.28,18987.50,11445.00,-145495.00
2024-02-29 14:30:50.481764,75,51,500,-912.56,-381.62,331.60,-9905.00,21542.50,-147980.00
2024-02-29 14:30:50.489459,73,50,536,-899.87,-395.40,335.38,-19897.50,30380.00,-145932.50
2024-02-29 14:30:50.499460,72,49,500,-886.21,-416.75,332.94,-20772.50,35332.50,-137200.00
2024-02-29 14:30:50.507336,71,48,498,-871.57,-442.86,324.64,-12565.00,36960.00,-123585.00
2024-02-29 14:30:50.518179,70,46,499,-855.10,-472.51,312.56,12005.00,38535.00,-105595.00
2024-02-29 14:30:50.525596,69,46,501,-836.55,-502.27,297.92,44362.50,40162.50,-85067.50
2024-02-29 14:30:50.535861,69,44,507,-815.81,-534.73,283.41,105822.50,41597.50,-65607.50
2024-02-29 14:30:50.543461,69,42,512,-793.00,-566.45,267.79,169645.00,42087.50,-41055.00
2024-02-29 14:30:50.553636,69,41,0,-768.11,-590.24,250.47,141557.50,41562.50,-14787.50
2024-02-29 14:30:50.560814,69,33,0,-741.52,-608.05,238.14,127890.00,44065.00,7892.50
2024-02-29 14:30:50.572395,70,47,0,-713.21,-601.95,230.95,-14227.50,52885.00,20300.00
2024-02-29 14:30:50.579865,71,35,506,-691.74,-589.99,232.04,-181720.00,66027.50,27877.50
2024-02-29 14:30:50.591051,73,34,516,-679.05,-602.07,235.70,-235917.50,85137.50,53007.50
2024-02-29 14:30:50.599631,74,38,0,-672.22,-630.86,218.50,-220990.00,78960.00,83597.50
2024-02-29 14:30:50.605870,76,29,0,-673.20,-663.07,183.49,-42227.50,47232.50,113802.50
2024-02-29 14:30:50.616484,77,30,521,-674.90,-680.27,166.04,96530.00,24500.00,131670.00
2024-02-29 14:30:50.623902,78,28,569,-673.81,-688.32,179.83,227920.00,28332.50,129850.00
2024-02-29 14:30:50.635078,79,24,0,-675.15,-687.23,205.20,525385.00,54687.50,123690.00
2024-02-29 14:30:50.642805,-46,200,0,-680.88,-656.97,216.18,573370.00,63332.50,104492.50
2024-02-29 14:30:50.652954,-46,204,0,-686.62,-618.78,219.97,573370.00,60392.50,69352.50
2024-02-29 14:30:50.660226,-46,207,0,-691.25,-597.56,235.22,573370.00,75057.50,46427.50
2024-02-29 14:30:50.671629,-46,240,0,-690.03,-580.23,246.44,573370.00,101395.00,18725.00
2024-02-29 14:30:50.679342,-46,216,0,-678.81,-529.48,238.88,573370.00,113960.00,-27177.50
2024-02-29 14:30:50.690487,-46,139,0,-667.95,-436.64,214.96,573370.00,87325.00,-85487.50
2024-02-29 14:30:50.699136,-46,219,0,-663.56,-336.60,179.22,551092.50,32760.00,-134540.00
2024-02-29 14:30:50.705575,-46,140,0,-662.09,-250.10,135.42,267505.00,-31447.50,-173250.00
2024-02-29 14:30:50.715944,-46,219,0,-664.90,-178.12,90.77,-146545.00,-96022.50,-207077.50
2024-02-29 14:30:50.724335,-46,219,0,-669.54,-108.58,53.19,-472902.50,-146912.50,-249165.00
2024-02-29 14:30:50.734695,-46,219,0,-669.41,-27.08,25.50,-572740.00,-169225.00,-311675.00
2024-02-29 14:30:50.742540,-46,218,0,-644.53,63.68,8.05,-573370.00,-148015.00,-394607.50
2024-02-29 14:30:50.752292,-46,139,0,-599.26,122.37,0.49,-573370.00,-52885.00,-470855.00
2024-02-29 14:30:50.759921,-46,218,0,-566.69,112.00,1.95,-573370.00,111492.50,-478152.50
2024-02-29 14:30:50.769913,-46,286,0,-539.24,54.17,-9.27,-573370.00,247030.00,-418460.00
2024-02-29 14:30:50.777420,-46,167,0,-507.52,0.98,-54.29,-573370.00,295890.00,-340007.50
2024-02-29 14:30:50.788451,-46,236,0,-474.95,-22.20,-119.44,-573370.00,299495.00,-278547.50
2024-02-29 14:30:50.796800,-46,219,0,-436.03,-27.57,-183.37,-573370.00,309382.50,-225540.00
2024-02-29 14:30:50.807175,-46,260,0,-397.48,-43.07,-229.24,-573370.00,336822.50,-155400.00
2024-02-29 14:30:50.815568,-46,219,0,-366.00,-90.40,-261.20,-573370.00,367780.00,-68302.50
2024-02-29 14:30:50.824925,-46,220,0,-341.97,-149.82,-291.46,-573370.00,378052.50,23922.50
2024-02-29 14:30:50.832984,-46,163,0,-331.11,-177.63,-314.52,-573370.00,375077.50,92277.50
2024-02-29 14:30:50.843794,-46,218,0,-332.33,-136.88,-344.28,-565652.50,374097.50,111230.00
2024-02-29 14:30:50.851930,-46,220,0,-318.42,-51.48,-402.11,-491382.50,353937.50,77437.50
2024-02-29 14:30:50.862769,-46,196,0,-293.78,12.20,-515.82,-439215.00,301437.50,44380.00
2024-02-29 14:30:50.871236,-46,220,0,-274.50,32.33,-696.13,-534905.00,182665.00,47390.00
2024-02-29 14:30:50.877196,-46,218,0,-247.17,31.72,-847.29,-524422.50,47040.00,69037.50
2024-02-29 14:30:50.887752,-46,219,0,-224.72,36.23,-886.94,-277375.00,-2730.00,75635.00
2024-02-29 14:30:50.895042,-46,216,0,-223.38,50.63,-849.12,-34720.00,32655.00,69370.00
2024-02-29 14:30:50.906346,-46,216,0,-230.34,69.54,-822.52,98962.50,98035.00,63752.50
2024-02-29 14:30:50.913265,-46,220,0,-264.37,135.66,-997.11,61320.00,85995.00,52220.00
2024-02-29 14:30:50.924971,-46,215,0,-295.00,196.42,-1202.92,-142712.50,-67900.00,-735.00
2024-02-29 14:30:50.932950,-46,220,0,-306.10,208.74,-1173.15,174982.50,-57837.50,-32760.00
2024-02-29 14:30:50.942728,-46,142,0,-312.32,219.36,-1059.08,532805.00,37712.50,-48422.50
2024-02-29 14:30:50.950558,-46,216,0,-292.07,213.99,-999.67,501077.50,93450.00,-42192.50
2024-02-29 14:30:50.960431,-46,140,0,-265.35,172.63,-999.42,206955.00,94920.00,-5425.00
2024-02-29 14:30:50.967786,-46,220,0,-248.88,117.85,-999.30,24500.00,82810.00,46690.00
2024-02-29 14:30:50.979141,-46,216,0,-236.80,102.36,-963.56,38535.00,97090.00,58625.00
2024-02-29 14:30:50.986397,132,40,0,-219.84,113.22,-911.95,87430.00,137462.50,38780.00
2024-02-29 14:30:50.997827,132,40,475,-200.32,111.51,-924.27,74917.50,155400.00,32060.00
2024-02-29 14:30:51.006421,132,37,465,-180.80,99.55,-1006.87,-10430.00,92820.00,52045.00
2024-02-29 14:30:51.012219,131,38,476,-162.99,111.51,-1037.73,17902.50,45272.50,56017.50
2024-02-29 14:30:51.023120,130,38,471,-152.50,137.98,-1018.82,6562.50,48247.50,30415.00
2024-02-29 14:30:51.030348,129,38,479,-145.91,151.28,-1034.19,-26285.00,26827.50,12495.00
2024-02-29 14:30:51.041809,127,38,494,-137.13,160.31,-1057.25,-56437.50,-8312.50,-437.50
2024-02-29 14:30:51.049573,126,37,0,-127.86,164.21,-1065.79,-51940.00,-27072.50,-10132.50
2024-02-29 14:30:51.059420,125,37,0,-120.05,159.82,-1071.04,-16415.00,-37712.50,-10010.00
2024-02-29 14:30:51.067268,124,28,0,-119.07,155.31,-1070.67,31972.50,-36015.00,-8382.50
2024-02-29 14:30:51.077080,124,41,486,-129.81,160.31,-1066.52,27317.50,-23695.00,-13807.50
2024-02-29 14:30:51.085168,123,42,0,-139.20,171.04,-1069.09,-25165.00,-14227.50,-23275.00
2024-02-29 14:30:51.095814,123,44,537,-138.47,177.88,-1079.70,-62107.50,-16555.00,-25812.50
2024-02-29 14:30:51.103936,122,44,705,-133.22,176.05,-1083.12,-47477.50,-18567.50,-21490.00
2024-02-29 14:30:51.113655,-46,200,0,-124.81,162.63,-1081.41,-13965.00,-17395.00,-8890.00
2024-02-29 14:30:51.121219,-46,274,0,-112.12,146.52,-1068.11,2992.50,-17972.50,5127.50
2024-02-29 14:30:51.130191,-46,209,0,-98.82,140.91,-1045.54,70.00,-12040.00,13877.50
2024-02-29 14:30:51.142170,-46,215,0,-87.96,156.04,-1028.09,-67375.00,-12810.00,15435.00
2024-02-29 14:30:51.150795,-46,216,0,-79.30,183.98,-1026.75,-147910.00,-17902.50,5180.00
2024-02-29 14:30:51.155168,-46,285,0,-75.03,203.01,-1045.78,-190925.00,-35997.50,-6545.00
2024-02-29 14:30:51.167312,-46,221,0,-74.79,216.79,-1059.69,-194547.50,-51905.00,-16415.00
2024-02-29 14:30:51.175432,-46,220,0,-72.71,235.46,-1054.32,-178587.50,-50645.00,-30502.50
2024-02-29 14:30:51.186216,-46,138,0,-66.73,243.88,-1035.29,-136360.00,-34125.00,-39025.00
2024-02-29 14:30:51.194074,-46,220,0,-59.41,230.58,-1010.77,-87517.50,-11777.50,-27790.00
2024-02-29 14:30:51.203841,-46,219,0,-52.58,206.42,-991.13,-71855.00,4865.00,-2485.00
2024-02-29 14:30:51.210774,-46,220,0,-46.36,184.83,-977.46,-64785.00,11812.50,23730.00
2024-02-29 14:30:51.221317,-46,216,0,-42.21,172.39,-966.48,-44257.50,14735.00,43102.50
2024-02-29 14:30:51.228370,-46,200,0,-40.14,166.41,-960.14,-29347.50,13492.50,57120.00
2024-02-29 14:30:51.238924,-46,220,0,-38.80,161.53,-956.97,-19897.50,10377.50,71662.50
2024-02-29 14:30:51.249835,-46,156,0,-38.67,158.84,-949.89,-28315.00,10447.50,84822.50
2024-02-29 14:30:51.256883,-46,218,0,-40.02,162.63,-928.18,-29995.00,23222.50,91420.00
2024-02-29 14:30:51.267387,-46,291,0,-42.09,175.56,-888.16,-29540.00,52325.00,89442.50
2024-02-29 14:30:51.274326,-46,220,0,-42.70,194.47,-839.12,-35122.50,90125.00,81375.00
2024-02-29 14:30:51.285048,-46,217,0,-40.14,216.67,-791.54,-60007.50,128135.00,72625.00
2024-02-29 14:30:51.292444,-46,220,0,-31.84,241.80,-763.23,-80237.50,157990.00,62055.00
2024-02-29 14:30:51.302629,-46,141,0,-23.91,294.39,-806.54,-138635.00,108150.00,25812.50
2024-02-29 14:30:51.310343,-46,220,0,-12.69,333.30,-817.16,-247555.00,-46795.00,-46165.00
2024-02-29 14:30:51.321259,-46,219,0,-4.27,312.32,-749.81,-217280.00,-5827.50,-43662.50
2024-02-29 14:30:51.328314,-46,216,0,0.49,271.33,-714.92,-214917.50,28280.00,-5775.00
2024-02-29 14:30:51.339829,-46,303,0,5.12,274.62,-743.47,-213115.00,27597.50,13055.00
2024-02-29 14:30:51.346592,-46,219,0,5.49,301.34,-772.26,-234762.50,-9047.50,-5512.50
2024-02-29 14:30:51.358263,218,0,7.81,310.49,-768.36,-256427.50,-12425.00,-2345.00
2024-02-29 14:30:51.365354,-46,220,0,10.00,324.28,-772.99,-244615.00,-15575.00,-175.00
2024-02-29 14:30:51.376824,-46,160,0,12.20,340.14,-775.92,-217350.00,-18007.50,4427.50
2024-02-29 14:30:51.383817,-46,222,0,14.64,361.73,-772.50,-193970.00,-17062.50,5250.00
2024-02-29 14:30:51.395306,-46,216,0,19.15,388.94,-762.74,-198135.00,-12302.50,1487.50
2024-02-29 14:30:51.402491,-46,155,0,30.38,418.09,-751.76,-259420.00,-7822.50,-6580.00
2024-02-29 14:30:51.412805,-46,220,0,40.14,444.20,-740.54,-315892.50,-3360.00,-13877.50
2024-02-29 14:30:51.420016,-46,22,41.72,464.21,-730.54,-258212.50,1592.50,-15400.00
2024-02-29 14:30:51.429271,-46,168,0,44.53,474.46,-729.68,-50050.00,402.50,-19600.00
2024-02-29 14:30:51.436167,-46,219,0,40.87,444.32,-749.08,480777.50,-40407.50,-81707.50
2024-02-29 14:30:51.447088,-46,218,0,33.06,387.84,-765.31,573370.00,-94377.50,-93222.50
2024-02-29 14:30:51.457823,-46,222,0,39.53,371.37,-802.52,573370.00,10605.00,-10675.00
2024-02-29 14:30:51.464792,-46,218,0,51.61,363.80,-835.21,573370.00,14192.50,10150.00
2024-02-29 14:30:51.474380,-46,220,0,58.32,327.81,-824.72,573370.00,-8102.50,28052.50
2024-02-29 14:30:51.481187,-46,160,0,53.19,279.62,-828.62,573370.00,-9292.50,39270.00
2024-02-29 14:30:51.491865,-46,222,0,46.97,240.95,-826.67,569957.50,35157.50,595.00
2024-02-29 14:30:51.502931,-46,216,0,42.70,195.93,-817.03,277637.50,22750.00,14700.00
2024-02-29 14:30:51.509976,-46,155,0,33.79,134.32,-810.08,-395272.50,14595.00,12022.50
2024-02-29 14:30:51.520549,-46,220,0,27.33,81.74,-791.41,-414102.50,-682.50,24762.50
2024-02-29 14:30:51.526927,-46,227,06,168,0,19.28,27.45,-777.14,-400120.00,3027.50,8540.00
2024-02-29 14:30:51.537833,-46,219,0,12.69,-22.45,-767.50,-537320.00,2730.00,15680.00
2024-02-29 14:30:51.544554,-46,218,0,7.20,-66.12,-758.35,-573370.00,6405.00,19810.00
2024-02-29 14:30:51.555310,-46,222,0,-0.24,-103.70,-754.57,-573370.00,10587.50,21630.00
2024-02-29 14:30:51.567001,-46,218,0,-7.81,-128.95,-755.67,-573370.00,11182.50,21122.50
2024-02-29 14:30:51.575742,-46,220,0,-14.64,-143.35,-759.08,-573370.00,14385.00,24517.50
2024-02-29 14:30:51.581729,-46,160,0,-18.91,-149.08,-773.72,-573370.00,16992.50,30730.00
2024-02-29 14:30:51.592362,-46,222,0,-23.42,-153.23,-809.47,-573370.00,1365.00,39375.00
2024-02-29 14:30:51.599935,-46,216,0,-26.96,-163.11,-828.50,-403515.00,-14420.00,47320.00
2024-02-29 14:30:51.610854,-46,155,0,-26.23,-169.82,-824.60,280787.50,-2572.50,56997.50
2024-02-29 14:30:51.618000,-46,220,0,-24.16,-152.01,-843.87,521447.50,3902.50,66185.00
2024-02-29 14:30:51.629439,-46,227,0,-20.74,-115.78,-862.78,121450.00,-472.50,65030.00
2024-02-29 14:30:51.636438,-46,219,0,-17.81,-94.92,-869.62,-200217.50,-455.00,60340.00
2024-02-29 14:30:51.647865,-46,163,0,-15.98,-92.60,-877.06,9975.00,-1837.50,58240.00
2024-02-29 14:30:51.654683,-46,202,0,-12.32,-85.52,-885.72,-29260.00,-1190.00,56280.00
2024-02-29 14:30:51.666123,-46,220,0,-9.03,-80.28,-893.77,-34282.50,-2415.00,53165.00
2024-02-29 14:30:51.672778,-46,220,0,-6.95,-74.30,-899.14,168595.00,-402.50,49070.00
2024-02-29 14:30:51.683371,-46,220,0,-5.12,-57.10,-905.85,-4077.50,-787.50,43242.50
2024-02-29 14:30:51.689964,-46,222,0,-4.39,-47.34,-912.07,-128327.50,-1067.50,37607.50
2024-02-29 14:30:51.700620,-46,140,0,-3.17,-42.58,-919.27,49595.00,-717.50,31097.50
2024-02-29 14:30:51.707018,-46,220,0,-1.71,-34.40,-924.64,-20230.00,-735.00,23712.50
2024-02-29 14:30:51.717648,-46,215,0,-0.73,-25.50,-929.15,10027.50,-647.50,16590.00
2024-02-29 14:30:51.728886,-46,300,0,1.22,-15.49,-933.79,16292.50,-52.50,6317.50
2024-02-29 14:30:51.734603,-46,221,0,2.68,-10.00,-938.42,-9905.00,-367.50,1050.00
2024-02-29 14:30:51.745896,-46,211,0,2.81,-8.91,-942.82,7472.50,-140.00,-157.50
2024-02-29 14:30:51.751313,-46,226,0,2.81,-8.30,-946.84,-3447.50,-210.00,-175.00
2024-02-29 14:30:51.762601,-46,216,0,2.68,-7.56,-950.50,2135.00,-122.50,-350.00
2024-02-29 14:30:51.775363,-46,220,0,2.68,-6.83,-953.92,682.50,-157.50,-297.50
2024-02-29 14:30:51.780266,-46,291,0,2.56,-6.34,-957.21,962.50,-122.50,-297.50
2024-02-29 14:30:51.791851,-46,222,0,2.44,-5.73,-960.38,-297.50,-262.50,-280.00
2024-02-29 14:30:51.796954,-46,220,0,2.20,-5.12,-963.31,490.00,-157.50,-367.50
2024-02-29 14:30:51.809695,-46,168,0,2.20,-4.64,-966.24,980.00,-175.00,-297.50
2024-02-29 14:30:51.814595,-46,220,0,2.20,-4.27,-968.68,490.00,-157.50,-315.00
2024-02-29 14:30:51.827378,-46,222,0,2.07,-3.90,-971.12,315.00,-245.00,-227.50
2024-02-29 14:30:51.832305,-46,220,0,2.07,-3.42,-973.32,560.00,-245.00,-297.50
2024-02-29 14:30:51.843978,-46,141,0,2.07,-3.17,-975.27,770.00,-210.00,-315.00
2024-02-29 14:30:51.855684,-46,140,0,2.07,-2.93,-977.22,525.00,-140.00,-280.00
2024-02-29 14:30:51.860538,-46,219,0,1.95,-2.68,-979.17,385.00,-192.50,-315.00
2024-02-29 14:30:51.873346,-46,219,0,1.95,-2.32,-980.88,612.50,-140.00,-385.00
2024-02-29 14:30:51.878262,-46,140,0,1.83,-2.07,-982.47,455.00,-157.50,-385.00
2024-02-29 14:30:51.890970,-46,222,0,1.71,-1.83,-984.05,542.50,-175.00,-332.50
2024-02-29 14:30:51.895823,-46,219,0,1.71,-1.71,-985.52,490.00,-245.00,-297.50
2024-02-29 14:30:51.908636,-46,138,0,1.71,-1.46,-986.74,402.50,-210.00,-297.50
2024-02-29 14:30:51.913541,-46,173,0,1.46,-1.46,-987.83,525.00,-227.50,-332.50
2024-02-29 14:30:51.924146,-46,140,0,1.46,-1.22,-989.18,595.00,-175.00,-297.50
2024-02-29 14:30:51.936911,-46,229,0,1.46,-0.98,-990.15,507.50,-192.50,-262.50
2024-02-29 14:30:51.941920,-46,218,0,1.34,-0.85,-991.13,542.50,-210.00,-367.50
2024-02-29 14:30:51.954546,-46,220,0,1.22,-0.73,-992.10,525.00,-175.00,-350.00
2024-02-29 14:30:51.959497,-46,219,0,1.22,-0.49,-993.08,612.50,-175.00,-350.00
2024-02-29 14:30:51.970040,-46,221,0,1.22,-0.24,-993.93,542.50,-192.50,-332.50
2024-02-29 14:30:51.982870,-46,147,0,1.22,0.00,-994.79,472.50,-210.00,-402.50
2024-02-29 14:30:51.987668,-46,222,0,1.22,0.12,-995.52,612.50,-210.00,-315.00
2024-02-29 14:30:52.000548,-46,145,0,1.22,0.24,-996.01,490.00,-175.00,-280.00
2024-02-29 14:30:52.005201,-46,220,0,1.22,0.37,-996.74,525.00,-245.00,-315.00
2024-02-29 14:30:52.018185,-46,217,0,1.22,0.49,-997.35,490.00,-262.50,-315.00
2024-02-29 14:30:52.022789,-46,220,0,1.22,0.61,-997.96,507.50,-280.00,-315.00
2024-02-29 14:30:52.033330,-46,211,0,1.22,0.73,-998.45,560.00,-175.00,-367.50
2024-02-29 14:30:52.046341,-46,221,0,1.34,0.85,-999.06,577.50,-192.50,-367.50
2024-02-29 14:30:52.051137,-46,279,0,1.34,0.98,-999.55,490.00,-157.50,-385.00
2024-02-29 14:30:52.064056,-46,140,0,1.34,0.98,-999.91,525.00,-210.00,-315.00
2024-02-29 14:30:52.068867,-46,221,0,1.34,0.98,-1000.40,577.50,-210.00,-315.00
2024-02-29 14:30:52.081651,-46,142,0,1.22,0.98,-1000.77,490.00,-227.50,-350.00
2024-02-29 14:30:52.086657,-46,221,0,1.22,0.98,-1001.13,437.50,-210.00,-297.50
2024-02-29 14:30:52.098437,-46,216,0,1.10,0.98,-1001.50,437.50,-122.50,-280.00
2024-02-29 14:30:52.103369,-46,296,0,1.10,0.98,-1001.86,455.00,-210.00,-332.50
2024-02-29 14:30:52.113894,-46,149,0,0.98,0.98,-1002.11,525.00,-175.00,-315.00
2024-02-29 14:30:52.125805,-46,221,0,0.98,1.10,-1002.35,437.50,-157.50,-297.50
2024-02-29 14:30:52.130690,-46,260,0,0.98,1.10,-1002.60,472.50,-227.50,-402.50
2024-02-29 14:30:52.141428,-46,219,0,0.98,1.22,-1002.96,542.50,-262.50,-350.00
2024-02-29 14:30:52.154212,-46,216,0,0.98,1.22,-1003.21,525.00,-140.00,-332.50
2024-02-29 14:30:52.159181,-46,223,0,0.98,1.22,-1003.45,525.00,-157.50,-262.50
2024-02-29 14:30:52.170848,-46,220,0,0.98,1.34,-1003.57,630.00,-262.50,-350.00
2024-02-29 14:30:52.175875,-46,220,0,0.98,1.46,-1003.82,595.00,-245.00,-350.00
2024-02-29 14:30:52.186424,-46,220,0,0.98,1.46,-1004.06,612.50,-227.50,-385.00
2024-02-29 14:30:52.198222,-46,240,0,0.98,1.46,-1004.30,560.00,-175.00,-332.50
2024-02-29 14:30:52.203170,-46,220,0,0.98,1.59,-1004.55,507.50,-192.50,-315.00
2024-02-29 14:30:52.213669,-46,163,0,0.98,1.59,-1004.67,612.50,-157.50,-350.00
2024-02-29 14:30:52.226622,-46,220,0,0.98,1.59,-1004.79,542.50,-140.00,-332.50
2024-02-29 14:30:52.231498,-46,219,0,0.98,1.71,-1004.91,455.00,-140.00,-297.50
2024-02-29 14:30:52.243401,-46,216,0,0.98,1.71,-1005.04,490.00,-175.00,-262.50
2024-02-29 14:30:52.248298,-46,219,0,0.98,1.71,-1004.79,682.50,-245.00,-332.50
2024-02-29 14:30:52.258788,-46,146,0,0.98,1.59,-1004.79,577.50,-227.50,-297.50
2024-02-29 14:30:52.271774,-46,219,0,0.98,1.71,-1005.65,210.00,-192.50,-280.00
2024-02-29 14:30:52.276662,-46,217,0,0.98,1.71,-1005.89,577.50,-210.00,-297.50
2024-02-29 14:30:52.289534,-46,221,0,0.98,1.71,-1005.52,875.00,-192.50,-350.00
2024-02-29 14:30:52.294347,-46,222,0,0.85,1.71,-1005.40,297.50,-210.00,-315.00
2024-02-29 14:30:52.306171,-46,220,0,0.85,1.71,-1005.77,577.50,-140.00,-350.00
2024-02-29 14:30:52.310956,-46,220,0,0.85,1.71,-1005.77,315.00,-192.50,-332.50
2024-02-29 14:30:52.322770,-46,281,0,0.85,1.71,-1005.65,735.00,-192.50,-315.00
2024-02-29 14:30:52.335609,-46,220,0,0.85,1.59,-1005.77,665.00,-192.50,-367.50
2024-02-29 14:30:52.340610,-46,220,0,0.85,1.59,-1006.01,350.00,-262.50,-350.00
2024-02-29 14:30:52.352264,-46,209,0,0.85,1.59,-1005.89,402.50,-157.50,-350.00
2024-02-29 14:30:52.357279,-46,221,0,0.85,1.46,-1005.89,577.50,-122.50,-297.50
2024-02-29 14:30:52.367847,-46,220,0,0.85,1.46,-1006.13,612.50,-262.50,-367.50
2024-02-29 14:30:52.380684,-46,216,0,0.73,1.46,-1006.13,472.50,-280.00,-367.50
2024-02-29 14:30:52.385659,-46,159,0,0.73,1.46,-1006.01,630.00,-210.00,-297.50
2024-02-29 14:30:52.397387,-46,220,0,0.73,1.46,-1006.13,490.00,-192.50,-350.00
2024-02-29 14:30:52.402283,-46,284,0,0.73,1.59,-1006.26,542.50,-227.50,-315.00
2024-02-29 14:30:52.415179,-46,220,0,0.73,1.59,-1006.26,560.00,-175.00,-297.50
2024-02-29 14:30:52.420104,-46,220,0,0.73,1.59,-1006.26,367.50,-105.00,-350.00
2024-02-29 14:30:52.432966,-46,187,0,0.85,1.59,-1006.26,577.50,-157.50,-315.00
2024-02-29 14:30:52.437829,-46,220,0,0.85,1.71,-1006.38,402.50,-210.00,-350.00
2024-02-29 14:30:52.448572,-46,238,0,0.85,1.71,-1006.50,455.00,-280.00,-297.50
2024-02-29 14:30:52.461307,-46,220,0,0.98,1.83,-1006.50,507.50,-192.50,-297.50
2024-02-29 14:30:52.466328,-46,235,0,0.98,1.83,-1006.50,437.50,-140.00,-315.00
2024-02-29 14:30:52.478041,-46,137,0,0.98,1.95,-1006.50,507.50,-140.00,-385.00
2024-02-29 14:30:52.482922,-46,221,0,0.98,1.95,-1006.50,595.00,-227.50,-367.50
2024-02-29 14:30:52.493636,-46,220,0,0.85,1.95,-1006.62,367.50,-192.50,-385.00
2024-02-29 14:30:52.506345,-46,142,0,0.85,1.95,-1006.74,542.50,-157.50,-350.00
2024-02-29 14:30:52.511395,-46,220,0,0.85,1.95,-1006.62,612.50,-210.00,-385.00
2024-02-29 14:30:52.523120,-46,219,0,0.73,1.83,-1006.74,437.50,-245.00,-332.50
2024-02-29 14:30:52.528134,-46,159,0,0.73,1.83,-1006.74,612.50,-192.50,-385.00
2024-02-29 14:30:52.537653,-46,218,0,0.73,1.83,-1006.74,402.50,-175.00,-350.00
2024-02-29 14:30:52.550436,-46,236,0,0.73,1.71,-1006.74,472.50,-140.00,-297.50
2024-02-29 14:30:52.555443,-46,152,0,0.73,1.71,-1006.74,507.50,-192.50,-297.50
2024-02-29 14:30:52.565963,-46,238,0,0.73,1.59,-1006.74,420.00,-192.50,-350.00
2024-02-29 14:30:52.578814,-46,217,0,0.73,1.59,-1006.74,507.50,-192.50,-385.00
2024-02-29 14:30:52.583747,-46,204,0,0.73,1.59,-1006.74,525.00,-157.50,-350.00
2024-02-29 14:30:52.596521,-46,149,0,0.73,1.71,-1006.87,560.00,-175.00,-332.50
2024-02-29 14:30:52.601533,-46,140,0,0.73,1.71,-1006.74,525.00,-210.00,-350.00
2024-02-29 14:30:52.612060,-46,221,0,0.73,1.71,-1006.87,490.00,-140.00,-367.50
2024-02-29 14:30:52.623914,-46,220,0,0.73,1.71,-1006.99,525.00,-122.50,-350.00
2024-02-29 14:30:52.628791,-46,140,0,0.73,1.71,-1006.99,577.50,-245.00,-402.50
2024-02-29 14:30:52.641659,-46,221,0,0.73,1.71,-1006.87,472.50,-175.00,-402.50
2024-02-29 14:30:52.646548,-46,219,0,0.73,1.83,-1006.87,455.00,-210.00,-367.50
2024-02-29 14:30:52.657195,-46,128,0,0.73,1.83,-1006.87,472.50,-140.00,-350.00
2024-02-29 14:30:52.668999,-46,220,0,0.73,1.95,-1006.87,385.00,-157.50,-367.50
2024-02-29 14:30:52.674025,-46,220,0,0.73,1.95,-1006.87,560.00,-210.00,-297.50
2024-02-29 14:30:52.686711,-46,239,0,0.73,2.07,-1006.99,560.00,-192.50,-315.00
2024-02-29 14:30:52.691788,-46,220,0,0.73,2.20,-1006.87,472.50,-157.50,-332.50
2024-02-29 14:30:52.702331,-46,221,0,0.73,2.20,-1006.87,612.50,-210.00,-350.00
2024-02-29 14:30:52.715130,-46,217,0,0.73,2.20,-1006.87,542.50,-210.00,-332.50
2024-02-29 14:30:52.719872,-46,222,0,0.73,2.07,-1006.87,577.50,-87.50,-367.50
2024-02-29 14:30:52.732830,-46,207,0,0.73,2.07,-1006.87,577.50,-210.00,-332.50
2024-02-29 14:30:52.737880,-46,219,0,0.73,2.07,-1006.99,542.50,-157.50,-350.00
2024-02-29 14:30:52.749661,-46,219,0,0.73,2.07,-1006.99,612.50,-175.00,-332.50
2024-02-29 14:30:52.754602,-46,131,0,0.73,2.07,-1006.99,437.50,-192.50,-315.00
2024-02-29 14:30:52.767364,-46,219,0,0.73,1.95,-1006.99,525.00,-105.00,-262.50
2024-02-29 14:30:52.772314,-46,220,0,0.73,1.95,-1006.99,560.00,-157.50,-332.50
2024-02-29 14:30:52.785130,-46,220,0,0.73,1.95,-1006.99,472.50,-192.50,-332.50
2024-02-29 14:30:52.790137,-46,202,0,0.73,1.95,-1006.99,437.50,-245.00,-315.00
2024-02-29 14:30:52.800592,-46,222,0,0.85,1.83,-1006.99,560.00,-227.50,-315.00
2024-02-29 14:30:52.813386,-46,231,0,0.85,1.71,-1006.99,507.50,-210.00,-315.00
2024-02-29 14:30:52.818422,-46,220,0,0.85,1.71,-1006.99,507.50,-192.50,-332.50
2024-02-29 14:30:52.831189,-46,142,0,0.73,1.71,-1006.87,525.00,-140.00,-332.50
2024-02-29 14:30:52.836106,-46,300,0,0.73,1.71,-1006.87,507.50,-210.00,-332.50
2024-02-29 14:30:52.846707,-46,220,0,0.73,1.71,-1006.87,560.00,-175.00,-332.50
2024-02-29 14:30:52.859644,-46,222,0,0.73,1.71,-1006.87,630.00,-227.50,-332.50
2024-02-29 14:30:52.864503,-46,217,0,0.73,1.71,-1006.74,507.50,-157.50,-367.50
2024-02-29 14:30:52.877374,-46,220,0,0.73,1.71,-1006.74,612.50,-105.00,-350.00
2024-02-29 14:30:52.882256,-46,253,0,0.73,1.83,-1006.74,490.00,-175.00,-367.50
2024-02-29 14:30:52.894159,-46,218,0,0.73,1.83,-1006.74,490.00,-245.00,-332.50
2024-02-29 14:30:52.899001,-46,217,0,0.73,1.83,-1006.74,612.50,-122.50,-367.50
2024-02-29 14:30:52.911851,-46,142,0,0.85,1.83,-1006.74,595.00,-192.50,-350.00
2024-02-29 14:30:52.916696,-46,220,0,0.85,1.83,-1006.74,665.00,-140.00,-350.00
2024-02-29 14:30:52.928449,-46,219,0,0.98,1.83,-1006.87,490.00,-262.50,-350.00
2024-02-29 14:30:52.940221,-46,220,0,0.98,1.83,-1006.87,455.00,-210.00,-297.50
2024-02-29 14:30:52.945281,-46,211,0,0.98,1.83,-1006.74,577.50,-210.00,-315.00
2024-02-29 14:30:52.957977,-46,220,0,0.98,1.83,-1006.87,490.00,-210.00,-385.00
2024-02-29 14:30:52.962971,-46,295,0,0.98,1.83,-1006.87,402.50,-227.50,-350.00
2024-02-29 14:30:52.973538,-46,219,0,0.98,1.83,-1006.99,525.00,-192.50,-332.50
2024-02-29 14:30:52.985312,-46,226,0,0.85,1.71,-1006.99,472.50,-175.00,-297.50
2024-02-29 14:30:52.990286,-46,220,0,0.73,1.71,-1006.99,577.50,-105.00,-280.00
2024-02-29 14:30:53.003141,-46,134,0,0.73,1.71,-1006.87,577.50,-122.50,-297.50
2024-02-29 14:30:53.008119,-46,229,0,0.73,1.71,-1006.87,612.50,-192.50,-367.50
2024-02-29 14:30:53.018718,-46,219,0,0.73,1.71,-1006.99,595.00,-227.50,-297.50
2024-02-29 14:30:53.031437,-46,179,0,0.73,1.83,-1006.87,542.50,-245.00,-315.00
2024-02-29 14:30:53.036401,-46,213,0,0.73,1.83,-1006.87,560.00,-192.50,-315.00
2024-02-29 14:30:53.049223,-46,221,0,0.73,1.95,-1006.99,472.50,-175.00,-315.00
2024-02-29 14:30:53.054242,-46,219,0,0.73,1.95,-1006.99,577.50,-140.00,-315.00
2024-02-29 14:30:53.065974,-46,220,0,0.73,1.95,-1006.99,472.50,-122.50,-315.00
2024-02-29 14:30:53.070652,-46,168,0,0.73,1.95,-1006.99,612.50,-52.50,-332.50
2024-02-29 14:30:53.081305,-46,222,0,0.73,1.95,-1006.99,455.00,-262.50,-297.50
2024-02-29 14:30:53.093204,-46,145,0,0.61,1.95,-1006.99,560.00,-192.50,-350.00
2024-02-29 14:30:53.098134,-46,220,0,0.73,1.95,-1006.87,560.00,-227.50,-367.50
2024-02-29 14:30:53.108694,-46,216,0,0.73,1.95,-1006.99,542.50,-192.50,-350.00
2024-02-29 14:30:53.121558,-46,302,0,0.73,1.95,-1006.99,525.00,-210.00,-350.00
2024-02-29 14:30:53.126456,-46,220,0,0.73,1.95,-1006.87,612.50,-210.00,-385.00
2024-02-29 14:30:53.138275,-46,140,0,0.73,1.95,-1006.87,560.00,-227.50,-385.00
2024-02-29 14:30:53.143184,-46,128,0,0.73,1.95,-1006.99,490.00,-280.00,-315.00
2024-02-29 14:30:53.153898,-46,221,0,0.73,1.95,-1006.87,560.00,-122.50,-280.00
2024-02-29 14:30:53.166610,-46,153,0,0.73,1.95,-1006.87,647.50,-175.00,-315.00
2024-02-29 14:30:53.171450,-46,220,0,0.73,1.83,-1006.99,577.50,-210.00,-350.00
2024-02-29 14:30:53.184360,-46,221,0,0.73,1.83,-1006.87,472.50,-157.50,-367.50
2024-02-29 14:30:53.189243,-46,220,0,0.73,1.71,-1006.87,577.50,-157.50,-315.00
2024-02-29 14:30:53.201206,-46,293,0,0.73,1.71,-1006.87,490.00,-210.00,-332.50
2024-02-29 14:30:53.206030,-46,220,0,0.73,1.83,-1006.87,560.00,-122.50,-332.50
2024-02-29 14:30:53.218978,-46,146,0,0.73,1.83,-1006.87,577.50,-157.50,-332.50
2024-02-29 14:30:53.223985,-46,236,0,0.85,1.71,-1006.87,437.50,-175.00,-262.50
2024-02-29 14:30:53.235443,-46,220,0,0.85,1.71,-1006.99,542.50,-175.00,-332.50
2024-02-29 14:30:53.247260,-46,132,0,0.85,1.71,-1006.87,525.00,-105.00,-385.00
2024-02-29 14:30:53.252271,-46,221,0,0.85,1.83,-1006.87,542.50,-157.50,-297.50
2024-02-29 14:30:53.264049,-46,214,0,0.85,1.71,-1006.87,490.00,-105.00,-227.50
2024-02-29 14:30:53.269002,-46,220,0,0.85,1.71,-1006.99,472.50,-140.00,-280.00
2024-02-29 14:30:53.280571,-46,283,0,0.85,1.83,-1006.87,437.50,-157.50,-315.00
2024-02-29 14:30:53.292473,-46,140,0,0.85,1.83,-1006.99,542.50,-192.50,-332.50
2024-02-29 14:30:53.297303,-46,220,0,0.85,1.83,-1006.99,472.50,-280.00,-315.00
2024-02-29 14:30:53.309176,-46,204,0,0.98,1.95,-1006.87,595.00,-192.50,-350.00
2024-02-29 14:30:53.314050,-46,218,0,0.98,1.95,-1006.99,507.50,-140.00,-385.00
2024-02-29 14:30:53.325661,-46,220,0,0.85,1.95,-1006.99,507.50,-157.50,-385.00
2024-02-29 14:30:53.337509,-46,215,0,0.85,1.95,-1006.99,472.50,-157.50,-350.00
2024-02-29 14:30:53.342395,-46,220,0,0.85,1.71,-1006.99,525.00,-175.00,-385.00
2024-02-29 14:30:53.355326,-46,220,0,0.85,1.71,-1006.99,560.00,-157.50,-315.00
2024-02-29 14:30:53.360160,-46,217,0,0.85,1.71,-1006.99,472.50,-87.50,-332.50
2024-02-29 14:30:53.372919,-46,217,0,0.85,1.71,-1006.99,507.50,-122.50,-315.00
2024-02-29 14:30:53.377871,-46,218,0,0.85,1.71,-1006.99,542.50,-122.50,-332.50
2024-02-29 14:30:53.388492,-46,216,0,0.85,1.59,-1006.87,577.50,-157.50,-350.00
2024-02-29 14:30:53.401379,-46,220,0,0.85,1.59,-1006.99,437.50,-210.00,-262.50
2024-02-29 14:30:53.406373,-46,217,0,0.85,1.71,-1006.99,472.50,-280.00,-332.50
2024-02-29 14:30:53.419139,-46,219,0,0.85,1.59,-1006.99,560.00,-192.50,-332.50
2024-02-29 14:30:53.424138,-46,147,0,0.85,1.59,-1006.99,472.50,-227.50,-315.00
2024-02-29 14:30:53.433701,-46,220,0,0.73,1.59,-1006.99,490.00,-262.50,-350.00
2024-02-29 14:30:53.446483,-46,220,0,0.73,1.59,-1006.99,490.00,-192.50,-315.00
2024-02-29 14:30:53.451455,-46,280,0,0.73,1.71,-1006.99,560.00,-175.00,-350.00
2024-02-29 14:30:53.463224,-46,160,0,0.73,1.71,-1007.11,525.00,-175.00,-402.50
2024-02-29 14:30:53.468219,-46,217,0,0.85,1.83,-1007.23,490.00,-192.50,-332.50
2024-02-29 14:30:53.477707,-46,216,0,0.85,1.83,-1007.11,507.50,-210.00,-315.00
2024-02-29 14:30:53.490553,-46,220,0,0.85,1.95,-1007.11,682.50,-210.00,-332.50
2024-02-29 14:30:53.495480,-46,217,0,0.98,2.07,-1007.23,542.50,-175.00,-315.00
2024-02-29 14:30:53.506143,-46,226,0,0.98,2.07,-1007.11,560.00,-175.00,-332.50
2024-02-29 14:30:53.518910,-46,219,0,0.85,2.20,-1006.99,630.00,-122.50,-297.50
2024-02-29 14:30:53.523777,-46,220,0,0.85,2.20,-1007.11,402.50,-157.50,-332.50
2024-02-29 14:30:53.536608,-46,218,0,0.73,2.20,-1006.99,560.00,-192.50,-315.00
2024-02-29 14:30:53.541528,-46,179,0,0.73,2.20,-1006.99,437.50,-157.50,-297.50
2024-02-29 14:30:53.553346,-46,231,0,0.73,2.20,-1007.11,490.00,-192.50,-297.50
2024-02-29 14:30:53.558248,-46,159,0,0.73,2.07,-1007.11,630.00,-210.00,-332.50
2024-02-29 14:30:53.569928,-46,218,0,0.85,1.95,-1007.23,525.00,-245.00,-350.00
2024-02-29 14:30:53.582717,-46,221,0,0.85,1.95,-1007.23,595.00,-210.00,-402.50
2024-02-29 14:30:53.587551,-46,220,0,0.73,1.83,-1007.23,472.50,-227.50,-332.50
2024-02-29 14:30:53.599443,-46,220,0,0.85,1.71,-1007.11,472.50,-157.50,-367.50
2024-02-29 14:30:53.604485,-46,219,0,0.73,1.71,-1007.11,560.00,-122.50,-332.50
2024-02-29 14:30:53.617330,-46,205,0,0.73,1.59,-1007.11,525.00,-245.00,-280.00
2024-02-29 14:30:53.622227,-46,220,0,0.73,1.71,-1007.11,542.50,-262.50,-332.50
2024-02-29 14:30:53.634959,-46,215,0,0.73,1.59,-1006.99,525.00,-192.50,-315.00
2024-02-29 14:30:53.639991,-46,294,0,0.73,1.71,-1006.99,507.50,-210.00,-262.50
2024-02-29 14:30:53.649536,-46,220,0,0.73,1.71,-1006.99,577.50,-175.00,-332.50
2024-02-29 14:30:53.662330,-46,222,0,0.73,1.71,-1006.99,472.50,-157.50,-350.00
2024-02-29 14:30:53.667315,-46,227,0,0.73,1.83,-1006.99,472.50,-105.00,-350.00
2024-02-29 14:30:53.680073,-46,210,0,0.73,1.95,-1006.87,507.50,-192.50,-297.50
2024-02-29 14:30:53.685036,-46,221,0,0.73,2.07,-1006.87,455.00,-297.50,-367.50
2024-02-29 14:30:53.695572,-46,220,0,0.73,2.07,-1006.99,455.00,-227.50,-297.50
2024-02-29 14:30:53.708451,-46,219,0,0.73,2.20,-1006.99,560.00,-210.00,-315.00
2024-02-29 14:30:53.713362,-46,219,0,0.73,2.20,-1006.99,595.00,-192.50,-315.00
2024-02-29 14:30:53.726292,-46,220,0,0.73,2.20,-1006.99,490.00,-157.50,-367.50
2024-02-29 14:30:53.731201,-46,288,0,0.73,2.20,-1006.99,507.50,-175.00,-297.50
2024-02-29 14:30:53.742998,-46,238,0,0.73,2.20,-1006.99,507.50,-192.50,-332.50
2024-02-29 14:30:53.747891,-46,217,0,0.73,2.20,-1006.99,525.00,-140.00,-332.50
2024-02-29 14:30:53.759487,-46,217,0,0.73,2.20,-1006.99,577.50,-175.00,-297.50
2024-02-29 14:30:53.772341,-46,220,0,0.85,2.07,-1006.99,490.00,-192.50,-332.50
2024-02-29 14:30:53.777150,-46,220,0,0.73,2.07,-1006.99,525.00,-105.00,-297.50
2024-02-29 14:30:53.789015,-46,219,0,0.73,1.95,-1006.99,490.00,-210.00,-297.50
2024-02-29 14:30:53.793920,-46,138,0,0.73,1.83,-1006.99,507.50,-245.00,-350.00
2024-02-29 14:30:53.806857,-46,220,0,0.73,1.83,-1006.99,542.50,-192.50,-297.50
2024-02-29 14:30:53.811714,-46,220,0,0.73,1.71,-1006.99,455.00,-175.00,-367.50
2024-02-29 14:30:53.824624,-46,225,0,0.73,1.71,-1006.87,507.50,-192.50,-385.00
2024-02-29 14:30:53.829486,-46,220,0,0.73,1.71,-1006.87,507.50,-210.00,-350.00
2024-02-29 14:30:53.840120,-46,221,0,0.73,1.71,-1006.99,437.50,-192.50,-332.50
2024-02-29 14:30:53.852967,-46,217,0,0.73,1.71,-1006.99,507.50,-105.00,-280.00
2024-02-29 14:30:53.857985,-46,144,0,0.73,1.71,-1006.87,612.50,-105.00,-245.00
2024-02-29 14:30:53.870726,-46,303,0,0.73,1.83,-1006.99,490.00,-175.00,-332.50
2024-02-29 14:30:53.875726,-46,222,0,0.73,1.95,-1006.99,525.00,-227.50,-315.00
2024-02-29 14:30:53.886257,-46,156,0,0.73,2.07,-1006.99,630.00,-245.00,-297.50
2024-02-29 14:30:53.899088,-46,147,0,0.73,2.07,-1006.99,577.50,-140.00,-297.50
2024-02-29 14:30:53.903853,-46,220,0,0.85,2.20,-1007.11,542.50,-87.50,-315.00
2024-02-29 14:30:53.916787,-46,216,0,0.85,2.07,-1006.99,525.00,-175.00,-280.00
2024-02-29 14:30:53.921729,-46,216,0,0.73,2.07,-1006.99,595.00,-192.50,-245.00
2024-02-29 14:30:53.933493,-46,220,0,0.73,2.07,-1007.11,577.50,-157.50,-350.00
2024-02-29 14:30:53.938514,-46,220,0,0.85,2.07,-1006.99,472.50,-122.50,-350.00
2024-02-29 14:30:53.951311,-46,232,0,0.85,2.07,-1006.99,665.00,-157.50,-367.50
2024-02-29 14:30:53.956277,-46,220,0,0.85,1.95,-1007.11,542.50,-192.50,-402.50
2024-02-29 14:30:53.968883,-46,142,0,0.73,1.95,-1007.11,490.00,-175.00,-385.00
2024-02-29 14:30:53.974029,-46,158,0,0.73,1.83,-1006.99,560.00,-105.00,-350.00
2024-02-29 14:30:53.984552,-46,220,0,0.73,1.71,-1006.99,507.50,-227.50,-332.50
2024-02-29 14:30:53.997427,-46,220,0,0.73,1.71,-1007.11,385.00,-192.50,-297.50
2024-02-29 14:30:54.002213,-46,163,0,0.73,1.71,-1006.99,542.50,-175.00,-385.00
2024-02-29 14:30:54.015107,-46,220,0,0.73,1.59,-1006.99,490.00,-192.50,-367.50
2024-02-29 14:30:54.020011,-46,218,0,0.73,1.59,-1006.99,437.50,-245.00,-332.50
2024-02-29 14:30:54.030585,-46,215,0,0.73,1.46,-1007.11,455.00,-280.00,-315.00
2024-02-29 14:30:54.043465,-46,145,0,0.73,1.46,-1007.11,542.50,-297.50,-332.50
2024-02-29 14:30:54.048333,-46,219,0,0.73,1.46,-1007.11,577.50,-245.00,-332.50
2024-02-29 14:30:54.060294,-46,140,0,0.73,1.46,-1007.11,490.00,-227.50,-332.50
2024-02-29 14:30:54.065066,-46,189,0,0.73,1.59,-1007.11,472.50,-157.50,-315.00
2024-02-29 14:30:54.074821,-46,219,0,0.73,1.71,-1007.11,595.00,-210.00,-367.50
2024-02-29 14:30:54.087617,-46,216,0,0.85,1.83,-1007.11,542.50,-210.00,-332.50
2024-02-29 14:30:54.092645,-46,221,0,0.85,1.95,-1007.11,525.00,-210.00,-315.00
2024-02-29 14:30:54.104381,-46,151,0,0.85,1.95,-1007.11,577.50,-227.50,-332.50
