Time,x,y,pressure,accel_x,accel_y,accel_z,gyro_x,gyro_y,gyro_z
2024-02-29 14:48:45.998729,142,44,584,-829.36,506.67,-244.98,130322.50,12425.00,-30362.50
2024-02-29 14:48:46.006156,-46,161,0,-835.09,503.49,-249.61,142922.50,7227.50,-32357.50
2024-02-29 14:48:46.017436,-46,193,0,-840.09,494.10,-264.01,148190.00,-2975.00,-29977.50
2024-02-29 14:48:46.025128,142,43,702,-843.75,483.36,-281.94,150360.00,-13895.00,-26547.50
2024-02-29 14:48:46.035110,142,43,585,-842.78,473.24,-297.68,135660.00,-18620.00,-24937.50
2024-02-29 14:48:46.042887,142,40,0,-836.92,460.31,-313.30,110792.50,-16695.00,-23502.50
2024-02-29 14:48:46.052822,142,43,554,-828.50,442.49,-329.89,73237.50,-13387.50,-18707.50
2024-02-29 14:48:46.060251,142,43,532,-819.84,422.85,-345.99,39217.50,-8575.00,-10797.50
2024-02-29 14:48:46.071477,142,43,556,-812.64,405.04,-357.34,13667.50,-3850.00,-1837.50
2024-02-29 14:48:46.078161,142,44,510,-808.13,387.47,-364.54,-2747.50,2625.00,7875.00
2024-02-29 14:48:46.089856,142,43,482,-807.15,362.22,-367.34,-13055.00,9327.50,24377.50
2024-02-29 14:48:46.098472,143,44,0,-805.81,333.55,-372.95,-25112.50,13037.50,52535.00
2024-02-29 14:48:46.104060,142,47,472,-802.27,316.47,-382.71,-29032.50,4847.50,78032.50
2024-02-29 14:48:46.114388,143,49,463,-797.39,310.49,-387.47,-19092.50,-3517.50,95235.00
2024-02-29 14:48:46.126105,143,53,458,-793.73,316.10,-393.21,-16852.50,-11410.00,103477.50
2024-02-29 14:48:46.134716,144,53,0,-792.27,341.72,-406.14,-22575.00,-26600.00,89670.00
2024-02-29 14:48:46.139162,144,61,0,-790.44,381.86,-419.19,-13860.00,-43995.00,55825.00
2024-02-29 14:48:46.151550,144,65,452,-797.88,405.28,-401.99,18602.50,-48177.50,21472.50
2024-02-29 14:48:46.158739,144,69,449,-807.64,407.11,-381.74,46620.00,-14927.50,18445.00
2024-02-29 14:48:46.170184,145,73,447,-808.86,419.56,-384.79,47285.00,-12460.00,9870.00
2024-02-29 14:48:46.177202,144,78,463,-810.20,430.42,-392.11,47897.50,-9030.00,-7962.50
2024-02-29 14:48:46.188711,144,79,0,-813.13,427.00,-402.97,39567.50,-8697.50,-12390.00
2024-02-29 14:48:46.195988,144,84,457,-818.01,436.64,-409.07,36697.50,-6300.00,-22207.50
2024-02-29 14:48:46.205310,143,87,0,-823.50,465.55,-410.04,38517.50,-70.00,-50855.00
2024-02-29 14:48:46.212212,141,89,0,-825.70,490.68,-405.53,46935.00,8802.50,-81777.50
2024-02-29 14:48:46.223192,140,91,0,-822.28,501.05,-397.48,57645.00,21262.50,-101202.50
2024-02-29 14:48:46.233860,138,94,451,-815.33,501.30,-390.16,67060.00,31867.50,-111912.50
2024-02-29 14:48:46.241422,136,94,439,-808.74,489.46,-386.74,73850.00,39147.50,-113365.00
2024-02-29 14:48:46.252686,133,94,448,-803.86,465.92,-389.91,71557.50,39830.00,-104737.50
2024-02-29 14:48:46.261249,131,94,458,-803.00,433.22,-399.79,65257.50,33565.00,-87220.00
2024-02-29 14:48:46.267193,128,94,470,-807.15,395.28,-412.12,63560.00,19740.00,-61565.00
2024-02-29 14:48:46.277086,124,92,464,-814.23,361.36,-420.17,65905.00,4567.50,-33372.50
2024-02-29 14:48:46.289019,121,90,455,-821.30,344.28,-424.07,72397.50,-5565.00,-13790.00
2024-02-29 14:48:46.297580,117,88,466,-827.77,333.55,-429.32,81637.50,-14507.50,-5705.00
2024-02-29 14:48:46.303330,112,84,467,-831.55,302.56,-433.10,61617.50,-24902.50,16397.50
2024-02-29 14:48:46.314163,108,81,464,-830.58,257.91,-433.22,38185.00,-30765.00,55527.50
2024-02-29 14:48:46.321445,104,76,465,-827.77,226.68,-431.15,23625.00,-32742.50,89250.00
2024-02-29 14:48:46.332778,102,74,474,-829.84,223.50,-430.05,22312.50,-32585.00,99330.00
2024-02-29 14:48:46.340223,99,70,467,-834.24,255.71,-431.15,39042.50,-32637.50,75670.00
2024-02-29 14:48:46.351487,96,53,0,-835.82,298.05,-432.49,47617.50,-28140.00,36120.00
2024-02-29 14:48:46.358798,93,63,468,-837.16,321.23,-436.52,52202.50,-24710.00,10342.50
2024-02-29 14:48:46.369197,91,60,454,-838.63,336.96,-441.15,51397.50,-22750.00,-6615.00
2024-02-29 14:48:46.376557,90,58,429,-838.87,354.90,-445.18,46970.00,-17587.50,-28472.50
2024-02-29 14:48:46.387873,89,57,445,-838.38,371.98,-448.59,46725.00,-13037.50,-49805.00
2024-02-29 14:48:46.395339,88,55,0,-837.16,382.10,-450.18,52745.00,-9485.00,-68845.00
2024-02-29 14:48:46.406504,88,57,441,-834.60,381.13,-449.81,59762.50,-6492.50,-77787.50
2024-02-29 14:48:46.415042,88,58,449,-831.06,371.61,-446.28,63735.00,-2467.50,-79625.00
2024-02-29 14:48:46.420661,88,57,450,-828.38,353.80,-439.44,65450.00,2835.00,-74462.50
2024-02-29 14:48:46.430838,88,59,0,-828.38,327.33,-431.03,60427.50,6720.00,-60480.00
2024-02-29 14:48:46.442612,88,62,0,-830.82,297.44,-424.56,49665.00,8505.00,-40530.00
2024-02-29 14:48:46.451130,88,64,0,-834.72,271.57,-421.88,37065.00,8067.50,-21472.50
2024-02-29 14:48:46.456461,88,68,448,-840.82,245.22,-422.61,30240.00,5162.50,-4672.50
2024-02-29 14:48:46.466533,88,71,454,-847.41,206.42,-421.75,25725.00,385.00,22417.50
2024-02-29 14:48:46.477601,89,74,457,-852.66,164.70,-412.85,21997.50,1890.00,58905.00
2024-02-29 14:48:46.484612,89,81,0,-854.12,140.67,-405.77,12495.00,12670.00,86485.00
2024-02-29 14:48:46.495147,90,81,0,-850.34,139.20,-416.02,892.50,10745.00,97720.00
2024-02-29 14:48:46.501727,91,89,442,-844.24,163.72,-438.71,2292.50,-3290.00,86730.00
2024-02-29 14:48:46.512642,92,93,442,-836.68,208.13,-463.48,2467.50,-17867.50,55475.00
2024-02-29 14:48:46.519732,93,96,0,-829.60,247.78,-480.07,8260.00,-31167.50,21087.50
2024-02-29 14:48:46.531212,94,101,0,-831.80,265.47,-471.65,31937.50,-24167.50,-1277.50
2024-02-29 14:48:46.538667,95,108,456,-837.16,274.74,-469.46,34405.00,-13055.00,-11392.50
2024-02-29 14:48:46.548819,95,112,449,-839.36,286.94,-486.54,30345.00,-20842.50,-26880.00
2024-02-29 14:48:46.556468,96,115,501,-842.53,291.34,-493.86,18637.50,-24202.50,-40582.50
2024-02-29 14:48:46.567535,95,118,0,-844.73,292.07,-493.86,14315.00,-21210.00,-49175.00
2024-02-29 14:48:46.575117,96,120,502,-844.12,300.85,-490.93,16117.50,-16397.50,-63647.50
2024-02-29 14:48:46.585233,96,121,0,-840.82,304.02,-483.61,19757.50,-9292.50,-77787.50
2024-02-29 14:48:46.592576,-46,106,0,-838.87,285.36,-471.16,18095.00,-1557.50,-72485.00
2024-02-29 14:48:46.602797,-46,195,0,-839.85,253.03,-456.65,13737.50,5565.00,-52272.50
2024-02-29 14:48:46.609786,-46,198,0,-843.51,220.58,-444.69,8767.50,10395.00,-28665.00
2024-02-29 14:48:46.621354,-46,205,0,-848.14,193.25,-436.03,770.00,12705.00,-6457.50
2024-02-29 14:48:46.628093,-46,205,0,-853.27,163.72,-427.73,-6545.00,15977.50,14210.00
2024-02-29 14:48:46.639735,-46,123,0,-859.86,131.15,-413.34,-9100.00,22680.00,44240.00
2024-02-29 14:48:46.646820,-46,205,0,-865.35,116.27,-402.84,-8960.00,33110.00,67970.00
2024-02-29 14:48:46.658314,-46,268,0,-866.08,118.58,-401.14,-10237.50,35122.50,76632.50
2024-02-29 14:48:46.665647,-46,207,0,-861.08,114.19,-402.36,-10517.50,38657.50,89495.00
2024-02-29 14:48:46.676051,-46,207,0,-849.73,107.36,-414.31,-7070.00,35245.00,108587.50
2024-02-29 14:48:46.683044,-46,203,0,-835.58,122.24,-440.18,402.50,21070.00,111160.00
2024-02-29 14:48:46.693611,-46,180,0,-821.06,162.99,-476.29,1295.00,-4147.50,83895.00
2024-02-29 14:48:46.700645,-46,203,0,-807.15,214.60,-509.59,1347.50,-31325.00,41230.00
2024-02-29 14:48:46.711120,-46,204,0,-806.05,258.64,-519.23,7560.00,-46305.00,-4550.00
2024-02-29 14:48:46.718427,-46,206,0,-821.30,261.32,-494.47,21682.50,-10570.00,-24272.50
2024-02-29 14:48:46.728485,-46,209,0,-835.82,252.17,-494.83,5967.50,70.00,-20230.00
2024-02-29 14:48:46.740542,146,131,598,-843.51,250.59,-521.55,-6790.00,-18007.50,-28017.50
2024-02-29 14:48:46.749202,148,133,0,-846.68,231.31,-516.30,-16345.00,-18987.50,-18427.50
2024-02-29 14:48:46.755357,149,135,571,-848.63,218.01,-493.37,-15610.00,-6002.50,-6790.00
2024-02-29 14:48:46.765774,150,135,517,-853.51,215.21,-472.14,-2607.50,4602.50,-5267.50
2024-02-29 14:48:46.772258,150,137,508,-860.83,209.72,-457.99,15347.50,8382.50,1242.50
2024-02-29 14:48:46.784163,150,138,496,-868.03,203.86,-450.67,31097.50,5197.50,10990.00
2024-02-29 14:48:46.790847,149,138,476,-872.06,199.47,-449.33,38010.00,-402.50,19232.50
2024-02-29 14:48:46.801680,148,139,471,-872.79,199.47,-453.60,37590.00,-4567.50,25322.50
2024-02-29 14:48:46.808788,146,140,0,-869.13,212.28,-464.58,31990.00,-11112.50,20580.00
2024-02-29 14:48:46.820240,143,140,0,-859.37,230.82,-479.70,22330.00,-19197.50,6965.00
2024-02-29 14:48:46.827424,139,138,444,-844.61,249.98,-496.66,12792.50,-28087.50,-8697.50
2024-02-29 14:48:46.838841,136,140,444,-837.41,265.72,-499.10,5145.00,-35997.50,-29417.50
2024-02-29 14:48:46.846210,131,138,0,-842.04,270.72,-486.17,4515.00,-11252.50,-38552.50
2024-02-29 14:48:46.856432,126,138,448,-847.41,284.99,-490.56,-3850.00,-7455.00,-54617.50
2024-02-29 14:48:46.863936,121,136,436,-848.88,293.17,-508.62,-5775.00,-15942.50,-76247.50
2024-02-29 14:48:46.873963,116,134,0,-848.63,279.75,-518.74,542.50,-22365.00,-73535.00
2024-02-29 14:48:46.881370,110,132,431,-849.73,275.23,-520.45,16187.50,-28315.00,-71505.00
2024-02-29 14:48:46.890988,104,130,432,-853.15,273.28,-512.77,34002.50,-30817.50,-75180.00
2024-02-29 14:48:46.901633,99,126,0,-858.51,257.66,-496.54,55755.00,-30555.00,-64382.50
2024-02-29 14:48:46.909186,96,126,441,-864.13,238.88,-477.39,69317.50,-29050.00,-47285.00
2024-02-29 14:48:46.920352,93,125,442,-867.42,218.99,-458.35,69685.00,-24657.50,-31500.00
2024-02-29 14:48:46.927997,90,124,426,-867.91,194.10,-441.15,57732.50,-18532.50,-11200.00
2024-02-29 14:48:46.939010,87,122,447,-866.93,169.21,-427.98,46812.50,-12040.00,10255.00
2024-02-29 14:48:46.946125,86,122,0,-866.57,145.18,-420.90,38027.50,-6720.00,30415.00
2024-02-29 14:48:46.957617,86,122,455,-866.44,122.49,-420.41,28665.00,-5320.00,50190.00
2024-02-29 14:48:46.966194,85,126,0,-864.61,100.89,-422.61,18025.00,-4725.00,68197.50
2024-02-29 14:48:46.971368,85,125,454,-860.34,79.42,-424.32,9572.50,-1207.50,87850.00
2024-02-29 14:48:46.981503,86,126,0,-857.78,72.71,-430.42,2485.00,1697.50,100555.00
2024-02-29 14:48:46.993493,87,129,0,-858.15,99.06,-446.28,-10080.00,-3797.50,84927.50
2024-02-29 14:48:47.002115,90,129,0,-857.90,142.37,-462.26,-22610.00,-10867.50,46042.50
2024-02-29 14:48:47.008010,93,134,0,-856.93,164.94,-471.16,-28507.50,-11462.50,15995.00
2024-02-29 14:48:47.018262,97,136,498,-857.17,173.61,-476.29,-27580.00,-12302.50,7770.00
2024-02-29 14:48:47.028927,102,139,496,-860.71,191.42,-480.07,-20807.50,-14157.50,-8435.00
2024-02-29 14:48:47.036516,106,143,474,-865.22,205.45,-481.41,-14560.00,-17552.50,-25025.00
2024-02-29 14:48:47.047588,111,145,0,-870.59,208.62,-478.12,-5145.00,-19600.00,-33285.00
2024-02-29 14:48:47.054952,113,148,466,-875.96,218.26,-476.65,8505.00,-21717.50,-40530.00
2024-02-29 14:48:47.066108,114,151,479,-880.23,237.53,-475.56,24377.50,-26617.50,-57312.50
2024-02-29 14:48:47.074647,115,153,468,-882.55,253.76,-470.68,36190.00,-27650.00,-73220.00
2024-02-29 14:48:47.080773,116,156,450,-881.82,264.74,-462.99,46900.00,-26932.50,-86100.00
2024-02-29 14:48:47.090340,116,159,456,-879.38,269.86,-450.55,56665.00,-22190.00,-94797.50
2024-02-29 14:48:47.098197,115,161,437,-875.96,269.86,-435.78,66097.50,-15277.50,-100590.00
2024-02-29 14:48:47.109135,114,163,452,-871.32,258.64,-421.14,67690.00,-6702.50,-102830.00
2024-02-29 14:48:47.116366,112,165,446,-867.30,229.36,-408.94,60200.00,2992.50,-87867.50
2024-02-29 14:48:47.127870,110,165,450,-865.10,205.45,-406.38,50802.50,8837.50,-72100.00
2024-02-29 14:48:47.134843,107,166,455,-863.39,189.83,-411.14,38902.50,9870.00,-68512.50
2024-02-29 14:48:47.144627,105,166,445,-861.08,166.29,-416.14,20597.50,11865.00,-57575.00
2024-02-29 14:48:47.156271,101,167,448,-858.64,138.84,-418.95,-1347.50,15382.50,-43382.50
2024-02-29 14:48:47.164875,99,165,0,-856.32,107.12,-418.22,-23047.50,21052.50,-26092.50
2024-02-29 14:48:47.170933,95,167,453,-854.37,72.71,-410.90,-44117.50,29085.00,-2747.50
2024-02-29 14:48:47.180590,91,167,458,-852.78,45.51,-396.99,-58922.50,41387.50,19775.00
2024-02-29 14:48:47.191583,88,165,0,-853.15,27.33,-382.59,-59220.00,53270.00,38727.50
2024-02-29 14:48:47.198447,86,166,442,-857.66,18.06,-371.12,-47442.50,59990.00,55440.00
2024-02-29 14:48:47.209067,84,166,463,-868.52,30.13,-369.66,-25865.00,58012.50,59535.00
2024-02-29 14:48:47.215975,82,166,467,-883.28,67.34,-375.76,-10885.00,44135.00,38902.50
2024-02-29 14:48:47.227582,80,168,0,-898.04,97.48,-371.00,962.50,34107.50,14612.50
2024-02-29 14:48:47.234292,81,167,482,-913.05,100.28,-346.97,23047.50,39130.00,13807.50
2024-02-29 14:48:47.246058,80,168,496,-928.18,92.96,-320.98,45237.50,50452.50,25235.00
2024-02-29 14:48:47.252849,81,169,544,-941.11,84.30,-312.08,57925.00,59097.50,33267.50
2024-02-29 14:48:47.264674,67,202,0,-947.70,69.30,-322.20,58712.50,59360.00,42962.50
2024-02-29 14:48:47.273176,-46,284,0,-945.01,47.70,-343.92,57522.50,51292.50,59080.00
2024-02-29 14:48:47.278151,-46,209,0,-932.45,35.87,-373.08,55475.00,40757.50,72380.00
2024-02-29 14:48:47.288736,-46,206,0,-910.24,45.51,-412.60,48545.00,26232.50,67060.00
2024-02-29 14:48:47.300662,-46,209,0,-882.79,60.63,-461.04,40162.50,4725.00,51240.00
2024-02-29 14:48:47.307509,-46,209,0,-855.83,65.15,-506.79,33302.50,-21385.00,42227.50
2024-02-29 14:48:47.319306,-46,206,0,-832.28,65.39,-540.95,30100.00,-41352.50,40250.00
2024-02-29 14:48:47.327753,-46,208,0,-814.84,72.96,-563.27,26145.00,-54022.50,34107.50
2024-02-29 14:48:47.333093,-46,211,0,-805.69,84.67,-575.47,15137.50,-57732.50,21070.00
2024-02-29 14:48:47.344251,-46,207,0,-811.79,94.43,-580.48,4462.50,-58940.00,8295.00
2024-02-29 14:48:47.348601,-46,204,0,-833.50,90.52,-563.15,7787.50,-32742.50,70.00
2024-02-29 14:48:47.361512,-46,209,0,-850.46,94.55,-562.91,-8522.50,-32322.50,3692.50
2024-02-29 14:48:47.368928,110,195,563,-856.68,114.31,-578.40,-19897.50,-48947.50,-13562.50
2024-02-29 14:48:47.380066,111,195,587,-860.59,138.84,-565.59,-21735.00,-46007.50,-31657.50
2024-02-29 14:48:47.388008,110,197,524,-862.91,183.49,-545.58,-12285.00,-37502.50,-65642.50
2024-02-29 14:48:47.398789,110,200,0,-864.86,227.65,-525.94,10850.00,-32095.00,-108045.00
2024-02-29 14:48:47.406614,108,211,0,-866.44,238.63,-500.81,42297.50,-25900.00,-126595.00
2024-02-29 14:48:47.416526,107,200,442,-867.91,215.57,-474.21,65187.50,-18182.50,-114135.00
2024-02-29 14:48:47.424191,105,200,467,-870.59,177.27,-457.50,76212.50,-13965.00,-85505.00
2024-02-29 14:48:47.434237,103,200,463,-875.47,137.37,-449.57,81007.50,-14700.00,-55160.00
2024-02-29 14:48:47.441761,100,200,457,-881.69,89.06,-446.52,77245.00,-17902.50,-23065.00
2024-02-29 14:48:47.452890,97,200,464,-886.94,20.01,-445.30,63245.00,-21577.50,26355.00
2024-02-29 14:48:47.460029,95,199,0,-888.89,-51.00,-445.06,44712.50,-23047.50,87027.50
2024-02-29 14:48:47.471435,92,199,460,-884.99,-94.92,-444.57,14700.00,-23467.50,130550.00
2024-02-29 14:48:47.479315,89,198,457,-873.64,-114.68,-431.15,-11095.00,-14665.00,153580.00
2024-02-29 14:48:47.490154,86,197,465,-858.15,-118.10,-395.28,-25585.00,11830.00,169435.00
2024-02-29 14:48:47.497935,85,198,0,-847.78,-90.77,-351.97,-35507.50,52325.00,165410.00
2024-02-29 14:48:47.507787,83,195,490,-851.93,-20.50,-333.30,-47110.00,79905.00,120120.00
2024-02-29 14:48:47.515136,82,194,495,-869.25,58.93,-333.79,-39235.00,91122.50,49105.00
2024-02-29 14:48:47.525506,82,195,500,-885.96,100.04,-335.74,-28070.00,97912.50,4812.50
2024-02-29 14:48:47.532833,81,194,514,-895.97,109.80,-339.89,-19180.00,98997.50,-5967.50
2024-02-29 14:48:47.544040,82,194,620,-900.85,115.41,-340.38,-6842.50,99732.50,-7892.50
2024-02-29 14:48:47.550967,-46,205,0,-901.46,123.59,-335.74,4392.50,102935.00,-8767.50
2024-02-29 14:48:47.562589,-46,208,0,-898.77,135.91,-327.81,15102.50,110005.00,-11777.50
2024-02-29 14:48:47.571198,-46,208,0,-892.31,151.28,-319.88,28752.50,116217.50,-17237.50
2024-02-29 14:48:47.577359,-46,122,0,-882.06,166.65,-312.69,43627.50,122552.50,-23502.50
2024-02-29 14:48:47.588007,-46,117,0,-870.10,177.63,-307.44,55755.00,129342.50,-29540.00
2024-02-29 14:48:47.595541,-46,206,0,-859.12,178.61,-308.90,62930.00,133770.00,-31377.50
2024-02-29 14:48:47.606731,-46,207,0,-850.71,170.19,-318.30,66727.50,136360.00,-27090.00
2024-02-29 14:48:47.614317,-46,203,0,-844.61,158.36,-333.55,66797.50,138005.00,-21087.50
2024-02-29 14:48:47.624469,-46,202,0,-839.24,145.67,-352.46,65012.50,140332.50,-15855.00
2024-02-29 14:48:47.632077,-46,205,0,-831.67,133.35,-375.76,60917.50,142590.00,-11795.00
2024-02-29 14:48:47.642148,-46,226,0,-819.60,124.07,-403.94,53532.50,140857.50,-10115.00
2024-02-29 14:48:47.649639,-46,197,0,-803.86,115.29,-434.20,47075.00,135765.00,-9800.00
2024-02-29 14:48:47.660812,-46,203,0,-786.41,107.12,-463.36,42840.00,129150.00,-8487.50
2024-02-29 14:48:47.668066,-46,171,0,-768.60,102.48,-491.54,38920.00,123060.00,-9222.50
2024-02-29 14:48:47.679474,-46,206,0,-752.37,101.38,-517.28,35315.00,117197.50,-12582.50
2024-02-29 14:48:47.687049,-46,229,0,-738.71,102.72,-538.26,31325.00,114362.50,-18217.50
2024-02-29 14:48:47.697246,-46,206,0,-727.36,105.41,-556.08,28980.00,113312.50,-25322.50
2024-02-29 14:48:47.704782,134,206,0,-717.60,106.99,-574.86,27405.00,110617.50,-33197.50
2024-02-29 14:48:47.716024,133,208,538,-709.31,102.97,-594.26,23555.00,106330.00,-37205.00
2024-02-29 14:48:47.723538,133,206,511,-701.01,93.94,-611.46,18077.50,102900.00,-36330.00
2024-02-29 14:48:47.734685,132,206,491,-691.86,84.67,-627.69,13702.50,99417.50,-34387.50
2024-02-29 14:48:47.743291,131,205,492,-681.74,77.84,-643.18,9765.00,96040.00,-33722.50
2024-02-29 14:48:47.748330,129,204,0,-671.00,71.13,-658.56,5827.50,93257.50,-33267.50
2024-02-29 14:48:47.758906,128,206,0,-660.26,63.20,-675.27,5127.50,89390.00,-32200.00
2024-02-29 14:48:47.770749,128,203,0,-649.04,53.68,-694.30,7367.50,83790.00,-30222.50
2024-02-29 14:48:47.779307,-46,209,0,-637.57,42.21,-714.19,6667.50,76457.50,-25987.50
2024-02-29 14:48:47.784345,-46,261,0,-625.74,30.26,-732.12,3307.50,70000.00,-20002.50
2024-02-29 14:48:47.794689,-46,213,0,-614.15,20.37,-748.23,1610.00,65082.50,-14875.00
2024-02-29 14:48:47.805652,-46,218,0,-602.92,14.40,-762.62,542.50,61320.00,-12582.50
2024-02-29 14:48:47.812421,-46,209,0,-591.70,10.86,-775.68,-2065.00,59010.00,-12460.00
2024-02-29 14:48:47.823064,-46,203,0,-580.60,7.20,-789.22,-4707.50,56122.50,-12425.00
2024-02-29 14:48:47.829802,-46,207,0,-569.86,2.56,-803.49,-8032.50,51957.50,-11602.50
2024-02-29 14:48:47.840483,-46,205,0,-559.74,-2.93,-817.89,-13755.00,46812.50,-9590.00
2024-02-29 14:48:47.847567,-46,206,0,-550.71,-7.81,-831.19,-18462.50,41405.00,-7472.50
2024-02-29 14:48:47.858211,-46,225,0,-542.78,-10.37,-842.53,-21700.00,36312.50,-6510.00
2024-02-29 14:48:47.868853,-46,209,0,-535.82,-10.00,-851.44,-25567.50,32620.00,-7647.50
2024-02-29 14:48:47.876077,-46,223,0,-529.48,-7.93,-858.76,-28787.50,29557.50,-10307.50
2024-02-29 14:48:47.887329,-46,206,0,-523.26,-6.83,-865.47,-30625.00,26547.50,-12477.50
2024-02-29 14:48:47.894679,-46,145,0,-517.65,-7.56,-870.23,-35087.50,24202.50,-12355.00
2024-02-29 14:48:47.905885,-46,241,0,-512.64,-8.30,-872.30,-36592.50,24325.00,-11760.00
2024-02-29 14:48:47.913186,-46,115,0,-508.62,-8.30,-875.35,-30327.50,24010.00,-11672.50
2024-02-29 14:48:47.924381,-46,210,0,-505.08,-7.93,-878.40,-26337.50,22837.50,-11445.00
2024-02-29 14:48:47.933023,125,223,508,-502.03,-7.56,-880.60,-23905.00,22960.00,-10832.50
2024-02-29 14:48:47.938674,-46,213,0,-499.47,-7.08,-884.13,-20545.00,22347.50,-9992.50
2024-02-29 14:48:47.948553,120,223,574,-496.78,-6.83,-888.16,-17920.00,20597.50,-9310.00
2024-02-29 14:48:47.960260,119,222,0,-494.10,-6.83,-890.72,-16695.00,19740.00,-8032.50
2024-02-29 14:48:47.967293,115,222,528,-490.56,-6.71,-891.21,-15085.00,19722.50,-5792.50
2024-02-29 14:48:47.978652,112,219,0,-486.41,-3.90,-890.11,-13055.00,20247.50,-4462.50
2024-02-29 14:48:47.987263,108,220,492,-482.88,1.22,-886.70,-10727.50,21805.00,-5162.50
2024-02-29 14:48:47.992236,105,220,478,-480.44,6.22,-881.69,-6860.00,25655.00,-7192.50
2024-02-29 14:48:48.002328,102,216,0,-479.22,8.54,-877.42,-2502.50,29907.50,-8102.50
2024-02-29 14:48:48.014262,98,219,0,-478.48,7.20,-874.50,-752.50,33757.50,-6597.50
2024-02-29 14:48:48.018757,95,218,0,-477.26,3.42,-873.76,-140.00,36715.00,-2800.00
2024-02-29 14:48:48.032440,93,219,465,-475.31,-0.98,-876.33,175.00,36837.50,1802.50
2024-02-29 14:48:48.038989,90,220,456,-472.14,-3.66,-881.45,-122.50,34667.50,5617.50
2024-02-29 14:48:48.049655,88,221,460,-467.75,-4.03,-887.06,-2940.00,32252.50,7822.50
2024-02-29 14:48:48.056127,87,222,0,-462.62,-2.93,-892.19,-5600.00,30555.00,8610.00
2024-02-29 14:48:48.067137,86,224,461,-457.38,-0.98,-897.31,-7752.50,28875.00,8295.00
2024-02-29 14:48:48.073191,86,226,459,-452.13,0.98,-903.04,-8960.00,26600.00,7402.50
2024-02-29 14:48:48.084184,86,228,455,-447.13,1.46,-906.58,-11270.00,24920.00,8050.00
2024-02-29 14:48:48.096068,86,231,481,-442.25,0.98,-910.12,-12022.50,26180.00,9415.00
2024-02-29 14:48:48.104711,88,232,482,-437.74,-0.12,-921.34,-12932.50,22155.00,10937.50
2024-02-29 14:48:48.109835,89,234,490,-433.47,-3.29,-937.33,-17132.50,12670.00,13737.50
2024-02-29 14:48:48.121168,91,237,484,-429.44,-8.78,-952.70,-19670.00,2712.50,18830.00
2024-02-29 14:48:48.128245,93,239,0,-425.54,-14.64,-965.51,-21612.50,-7245.00,24797.50
2024-02-29 14:48:48.138523,96,242,530,-421.27,-17.32,-973.19,-24010.00,-15050.00,29960.00
2024-02-29 14:48:48.146117,99,245,516,-416.75,-16.23,-976.24,-24010.00,-21367.50,32427.50
2024-02-29 14:48:48.156538,103,265,0,-412.48,-12.32,-974.54,-23345.00,-25987.50,33705.00
2024-02-29 14:48:48.168092,107,250,510,-408.58,-5.73,-967.46,-17465.00,-27422.50,32917.50
2024-02-29 14:48:48.175316,111,252,550,-405.04,2.32,-955.99,-14035.00,-24990.00,31867.50
2024-02-29 14:48:48.186747,114,249,0,-401.38,12.08,-941.84,-12810.00,-18480.00,29330.00
2024-02-29 14:48:48.195212,117,254,534,-397.60,23.91,-929.40,-11567.50,-9870.00,24885.00
2024-02-29 14:48:48.200827,120,256,532,-393.33,36.72,-921.34,-9117.50,-2292.50,19092.50
2024-02-29 14:48:48.209507,121,243,0,-388.69,48.07,-919.51,-7770.00,2800.00,13457.50
2024-02-29 14:48:48.220530,121,257,508,-383.57,55.88,-926.10,-7105.00,2572.50,9450.00
2024-02-29 14:48:48.226881,121,257,495,-378.20,59.05,-939.52,-7402.50,-3832.50,7822.50
2024-02-29 14:48:48.239160,121,257,499,-372.22,59.05,-954.89,-5862.50,-13177.50,7875.00
2024-02-29 14:48:48.245505,121,257,504,-366.24,57.83,-967.70,-6545.00,-21857.50,8960.00
2024-02-29 14:48:48.256171,120,257,468,-361.24,57.10,-975.39,-9537.50,-27877.50,9870.00
2024-02-29 14:48:48.263065,118,256,469,-357.70,58.07,-977.83,-11480.00,-30677.50,9100.00
2024-02-29 14:48:48.274848,115,255,483,-355.39,61.12,-977.34,-13037.50,-32147.50,6912.50
2024-02-29 14:48:48.281846,113,254,463,-354.04,64.54,-973.68,-14875.00,-32777.50,4462.50
2024-02-29 14:48:48.293217,111,255,441,-353.43,68.44,-966.73,-15277.50,-30520.00,2222.50
2024-02-29 14:48:48.300140,108,255,0,-353.80,73.69,-958.19,-16905.00,-27055.00,-577.50
2024-02-29 14:48:48.311433,105,255,448,-355.02,80.15,-949.65,-18077.50,-22522.50,-4025.00
2024-02-29 14:48:48.318793,102,255,0,-356.97,87.47,-943.91,-17972.50,-19215.00,-7805.00
2024-02-29 14:48:48.329981,99,255,455,-359.41,94.55,-941.11,-19477.50,-18445.00,-11567.50
2024-02-29 14:48:48.337809,95,255,0,-362.71,99.55,-937.81,-21280.00,-17955.00,-14035.00
2024-02-29 14:48:48.347715,92,256,446,-367.22,101.99,-933.18,-22295.00,-16275.00,-14612.50
2024-02-29 14:48:48.355378,88,256,442,-371.98,102.36,-928.30,-19460.00,-14350.00,-13527.50
2024-02-29 14:48:48.366241,84,256,0,-376.74,102.24,-924.27,-14665.00,-13317.50,-11672.50
2024-02-29 14:48:48.374052,80,256,445,-381.25,102.60,-921.10,-12652.50,-12862.50,-9800.00
2024-02-29 14:48:48.383969,76,256,0,-385.28,103.09,-918.90,-12757.50,-12547.50,-8470.00
2024-02-29 14:48:48.391512,72,256,0,-388.94,103.46,-917.81,-14297.50,-12442.50,-7525.00
2024-02-29 14:48:48.402504,68,256,459,-391.62,105.04,-916.83,-15557.50,-11935.00,-7700.00
2024-02-29 14:48:48.410096,64,254,462,-393.33,108.82,-915.49,-17622.50,-10937.50,-9467.50
2024-02-29 14:48:48.421111,61,253,0,-394.30,113.95,-914.51,-21525.00,-9240.00,-12565.00
2024-02-29 14:48:48.429667,58,252,452,-395.40,119.32,-915.00,-23852.50,-8837.50,-16012.50
2024-02-29 14:48:48.436003,56,251,0,-397.11,123.71,-916.22,-28140.00,-9765.00,-19127.50
2024-02-29 14:48:48.446243,53,250,452,-399.31,126.39,-916.59,-37012.50,-10360.00,-20982.50
2024-02-29 14:48:48.454133,51,264,0,-401.75,126.64,-916.22,-46235.00,-10657.50,-20772.50
2024-02-29 14:48:48.464994,50,245,466,-404.92,124.93,-915.24,-47950.00,-12057.50,-18812.50
2024-02-29 14:48:48.472722,48,245,451,-408.94,122.00,-912.93,-40390.00,-12932.50,-15365.00
2024-02-29 14:48:48.482589,48,242,456,-413.21,118.83,-910.85,-32322.50,-13545.00,-10902.50
2024-02-29 14:48:48.490321,47,238,458,-417.24,116.51,-910.97,-28980.00,-15662.50,-6370.00
2024-02-29 14:48:48.500250,47,236,462,-420.29,114.92,-912.93,-25270.00,-18935.00,-2485.00
2024-02-29 14:48:48.507523,47,231,468,-422.24,114.56,-915.49,-26302.50,-22575.00,490.00
2024-02-29 14:48:48.518008,48,215,0,-423.10,115.66,-917.32,-27212.50,-25340.00,2537.50
2024-02-29 14:48:48.528838,51,215,0,-423.22,118.71,-917.81,-26967.50,-26757.50,3045.00
2024-02-29 14:48:48.536132,51,221,0,-423.10,123.83,-918.17,-27335.00,-28017.50,2205.00
2024-02-29 14:48:48.546394,53,219,0,-423.10,130.42,-919.03,-29470.00,-30152.50,87.50
2024-02-29 14:48:48.553445,56,216,486,-423.22,136.88,-920.25,-36225.00,-33005.00,-2397.50
2024-02-29 14:48:48.563844,58,214,518,-423.83,142.01,-920.86,-37065.00,-35717.50,-3867.50
2024-02-29 14:48:48.571390,61,213,528,-425.05,145.67,-919.88,-33407.50,-37747.50,-4095.00
2024-02-29 14:48:48.582404,62,211,596,-427.00,148.84,-916.95,-32847.50,-38500.00,-3955.00
2024-02-29 14:48:48.590053,-46,211,0,-429.68,152.38,-912.56,-31430.00,-38377.50,-4095.00
2024-02-29 14:48:48.600995,-46,211,0,-433.47,156.65,-907.19,-29872.50,-37485.00,-4585.00
2024-02-29 14:48:48.608627,-46,206,0,-438.47,160.67,-901.58,-28210.00,-36382.50,-5250.00
2024-02-29 14:48:48.619743,-46,199,0,-444.45,163.60,-895.24,-27545.00,-34790.00,-5267.50
2024-02-29 14:48:48.627166,-46,286,0,-450.91,165.43,-888.53,-26390.00,-32357.50,-4217.50
2024-02-29 14:48:48.636240,-46,207,0,-457.13,167.63,-881.82,-25340.00,-30327.50,-2660.00
2024-02-29 14:48:48.643814,-46,206,0,-462.87,170.92,-874.50,-24325.00,-28612.50,-1540.00
2024-02-29 14:48:48.654020,-46,193,0,-468.36,175.19,-866.69,-22872.50,-26635.00,-875.00
2024-02-29 14:48:48.661405,-46,204,0,-473.24,180.32,-858.51,-20405.00,-24465.00,-437.50
2024-02-29 14:48:48.671793,-46,204,0,-478.00,186.17,-849.97,-17307.50,-21927.50,-560.00
2024-02-29 14:48:48.682353,-46,208,0,-482.63,192.27,-841.07,-14472.50,-18917.50,-1242.50
2024-02-29 14:48:48.690002,-46,206,0,-486.90,197.64,-832.77,-11182.50,-15522.50,-1977.50
2024-02-29 14:48:48.699833,-46,232,0,-491.17,201.67,-826.43,-9835.00,-12355.00,-2712.50
2024-02-29 14:48:48.707221,-46,204,0,-495.56,204.47,-822.28,-10237.50,-10185.00,-2957.50
2024-02-29 14:48:48.717337,-46,206,0,-499.71,206.30,-820.57,-10955.00,-9327.50,-3062.50
2024-02-29 14:48:48.724627,-46,202,0,-503.25,207.89,-820.21,-10797.50,-9747.50,-2852.50
2024-02-29 14:48:48.734873,-46,204,0,-506.54,209.35,-819.72,-11392.50,-10377.50,-2397.50
2024-02-29 14:48:48.742426,-46,204,0,-509.23,211.43,-818.25,-11077.50,-9870.00,-1820.00
2024-02-29 14:48:48.753509,-46,205,0,-511.67,214.48,-816.67,-9012.50,-9082.50,-1627.50
2024-02-29 14:48:48.760553,-46,199,0,-513.62,218.75,-815.33,-7052.50,-8487.50,-2152.50
2024-02-29 14:48:48.772094,-46,205,0,-515.57,223.75,-813.01,-6370.00,-7192.50,-3465.00
2024-02-29 14:48:48.778995,-46,206,0,-518.01,228.38,-809.59,-6930.00,-4900.00,-5127.50
2024-02-29 14:48:48.790407,-46,270,0,-521.55,231.80,-805.20,-5967.50,-1260.00,-6667.50
2024-02-29 14:48:48.797205,-46,206,0,-525.58,233.63,-801.54,-5005.00,2275.00,-7542.50
2024-02-29 14:48:48.807823,-46,202,0,-529.60,233.26,-799.71,-3185.00,4480.00,-7140.00
2024-02-29 14:48:48.814563,108,278,499,-532.77,231.31,-799.95,-2537.50,4935.00,-5757.50
2024-02-29 14:48:48.825236,108,277,532,-535.09,228.63,-801.54,-2117.50,4060.00,-3412.50
2024-02-29 14:48:48.836084,107,277,527,-536.31,227.65,-803.49,-2100.00,1837.50,-1960.00
2024-02-29 14:48:48.842670,106,277,513,-536.56,227.90,-803.61,-3325.00,717.50,-1487.50
2024-02-29 14:48:48.853428,105,276,506,-537.04,228.02,-802.03,-5180.00,962.50,-770.00
2024-02-29 14:48:48.859723,104,276,510,-538.26,228.87,-799.22,-5495.00,2922.50,-367.50
2024-02-29 14:48:48.871508,102,275,495,-539.48,231.68,-797.51,-3255.00,4480.00,-1382.50
2024-02-29 14:48:48.878368,100,274,545,-540.46,236.31,-797.27,-4025.00,4182.50,-3395.00
2024-02-29 14:48:48.889808,96,273,506,-540.46,239.00,-795.93,-5950.00,4917.50,-5232.50
2024-02-29 14:48:48.896512,92,272,476,-540.22,237.90,-796.42,-2152.50,5442.50,-3377.50
2024-02-29 14:48:48.908481,88,271,0,-540.09,236.44,-799.34,-3272.50,2572.50,-297.50
2024-02-29 14:48:48.914669,83,270,469,-539.73,236.92,-799.95,-3290.00,840.00,1715.00
2024-02-29 14:48:48.926539,80,267,0,-539.00,240.10,-800.56,420.00,-297.50,1557.50
2024-02-29 14:48:48.932564,76,270,457,-538.26,243.51,-801.91,227.50,-2747.50,525.00
2024-02-29 14:48:48.943594,73,270,466,-538.02,244.73,-802.03,-682.50,-3342.50,280.00
2024-02-29 14:48:48.947931,72,272,460,-538.14,244.61,-802.76,-700.00,-3097.50,822.50
2024-02-29 14:48:48.961810,71,272,462,-538.26,244.00,-804.59,-1522.50,-3465.00,1522.50
2024-02-29 14:48:48.968553,70,275,458,-538.02,244.12,-806.91,-3062.50,-3692.50,1820.00
2024-02-29 14:48:48.979167,71,278,455,-537.29,245.46,-810.45,-3587.50,-4777.50,1032.50
2024-02-29 14:48:48.986081,72,282,467,-536.31,247.42,-814.84,-4847.50,-7245.00,-315.00
2024-02-29 14:48:48.997759,74,285,481,-535.34,249.25,-818.99,-6195.00,-10850.00,-1715.00
2024-02-29 14:48:49.004938,78,289,486,-534.48,250.71,-820.94,-7245.00,-13475.00,-2712.50
2024-02-29 14:48:49.016112,82,293,494,-533.99,251.81,-821.06,-7315.00,-14297.50,-3167.50
2024-02-29 14:48:49.023468,86,297,510,-534.36,253.15,-820.45,-6877.50,-14910.00,-3815.00
2024-02-29 14:48:49.034477,91,304,0,-535.58,254.37,-818.74,-6160.00,-15032.50,-4427.50
2024-02-29 14:48:49.041779,97,305,543,-537.53,255.47,-815.94,-5355.00,-13982.50,-5092.50
2024-02-29 14:48:49.052086,-46,212,0,-540.22,256.20,-812.40,-4970.00,-12477.50,-5337.50
2024-02-29 14:48:49.059376,-46,265,0,-543.39,256.08,-808.25,-5285.00,-10255.00,-5145.00
2024-02-29 14:48:49.069561,-46,276,0,-546.80,255.83,-803.13,-5232.50,-7140.00,-4725.00
2024-02-29 14:48:49.076691,-46,225,0,-549.73,255.71,-797.64,-5617.50,-3955.00,-4182.50
2024-02-29 14:48:49.087249,-46,205,0,-551.81,255.71,-792.39,-5705.00,-1347.50,-3360.00
2024-02-29 14:48:49.098770,-46,199,0,-553.39,256.57,-788.00,-5442.50,787.50,-2957.50
2024-02-29 14:48:49.105517,-46,204,0,-554.86,258.64,-784.95,-3150.00,1907.50,-3640.00
2024-02-29 14:48:49.117064,-46,202,0,-556.08,260.96,-782.39,-1452.50,2275.00,-4847.50
2024-02-29 14:48:49.125746,-46,207,0,-556.93,261.81,-780.07,227.50,3255.00,-4917.50
2024-02-29 14:48:49.130390,-46,143,0,-557.91,261.69,-779.46,1732.50,3972.50,-4305.00
2024-02-29 14:48:49.141841,-46,202,0,-558.76,261.57,-780.80,2852.50,3640.00,-3955.00
2024-02-29 14:48:49.148385,-46,205,0,-559.13,261.32,-782.39,2432.50,3062.50,-3762.50
2024-02-29 14:48:49.160306,-46,277,0,-559.25,261.32,-783.73,1085.00,2660.00,-3622.50
2024-02-29 14:48:49.166712,-46,203,0,-559.37,261.69,-784.70,525.00,2380.00,-3885.00
2024-02-29 14:48:49.178710,-46,144,0,-559.98,262.06,-785.44,-227.50,1907.50,-4252.50
2024-02-29 14:48:49.185153,-46,204,0,-561.08,261.57,-785.44,-297.50,1820.00,-4130.00
2024-02-29 14:48:49.196988,-46,206,0,-562.42,259.98,-784.95,-245.00,2222.50,-2940.00
2024-02-29 14:48:49.203266,-46,202,0,-564.13,258.15,-784.46,437.50,2432.50,-1295.00
2024-02-29 14:48:49.214197,-46,205,0,-565.84,256.57,-783.24,1960.00,2835.00,350.00
2024-02-29 14:48:49.220729,-46,206,0,-567.06,255.47,-781.04,2222.50,4252.50,1732.50
2024-02-29 14:48:49.231597,-46,202,0,-567.30,255.47,-779.58,3325.00,5127.50,2695.00
2024-02-29 14:48:49.243547,-46,179,0,-567.06,256.81,-779.09,3832.50,5250.00,2415.00
2024-02-29 14:48:49.247882,-46,200,0,-566.69,258.76,-778.60,5057.50,5302.50,1330.00
2024-02-29 14:48:49.261764,-46,206,0,-566.20,260.10,-777.87,4812.50,6072.50,770.00
2024-02-29 14:48:49.267749,-46,120,0,-565.84,260.71,-777.87,4707.50,7157.50,297.50
2024-02-29 14:48:49.279053,-46,204,0,-565.47,260.23,-779.82,3535.00,7437.50,192.50
2024-02-29 14:48:49.284890,-46,116,0,-565.10,258.88,-783.12,3517.50,6772.50,910.00
2024-02-29 14:48:49.296175,-46,202,0,-564.37,257.79,-786.41,2607.50,5757.50,1470.00
2024-02-29 14:48:49.300471,-46,202,0,-562.91,257.05,-789.34,1907.50,4935.00,1820.00
2024-02-29 14:48:49.313447,-46,203,0,-561.32,257.18,-791.90,595.00,3675.00,1942.50
2024-02-29 14:48:49.319271,-46,118,0,-559.86,258.03,-793.37,0.00,2695.00,1470.00
2024-02-29 14:48:49.330382,-46,203,0,-558.39,259.25,-793.49,-262.50,2747.50,857.50
2024-02-29 14:48:49.342543,-46,204,0,-557.05,260.84,-793.00,-997.50,3587.50,105.00
2024-02-29 14:48:49.346728,-46,222,0,-556.08,262.06,-792.76,-2030.00,4270.00,-892.50
2024-02-29 14:48:49.359588,-46,206,0,-555.22,262.91,-792.76,-2100.00,4777.50,-1610.00
2024-02-29 14:48:49.366415,-46,204,0,-554.37,263.52,-792.88,-2170.00,5180.00,-2205.00
2024-02-29 14:48:49.376977,-46,279,0,-554.00,263.76,-793.00,-2555.00,5617.50,-2572.50
2024-02-29 14:48:49.383735,-46,205,0,-553.76,263.52,-793.37,-2292.50,5845.00,-2520.00
2024-02-29 14:48:49.394777,-46,293,0,-553.64,263.28,-794.22,-1015.00,5687.50,-2292.50
2024-02-29 14:48:49.404301,-46,206,0,-553.15,263.40,-794.83,-437.50,4987.50,-2555.00
2024-02-29 14:48:49.410807,-46,204,0,-552.54,263.52,-794.71,-647.50,5057.50,-2660.00
2024-02-29 14:48:49.422742,-46,207,0,-552.05,263.76,-794.71,-875.00,5337.50,-2642.50
2024-02-29 14:48:49.429213,-46,205,0,-551.93,263.64,-794.59,-1820.00,5495.00,-2747.50
2024-02-29 14:48:49.441066,-46,205,0,-552.17,263.03,-793.73,-2292.50,6807.50,-2415.00
2024-02-29 14:48:49.447591,-46,241,0,-552.42,262.54,-793.00,-2380.00,8295.00,-1907.50
2024-02-29 14:48:49.459274,-46,286,0,-552.42,262.30,-793.37,-2520.00,8627.50,-1715.00
2024-02-29 14:48:49.466007,-46,204,0,-552.29,262.30,-793.73,-1662.50,8347.50,-1540.00
2024-02-29 14:48:49.477816,-46,206,0,-552.17,262.42,-793.49,-892.50,8312.50,-1557.50
2024-02-29 14:48:49.484142,-46,205,0,-552.17,262.91,-792.39,-455.00,9467.50,-1627.50
2024-02-29 14:48:49.496052,-46,205,0,-552.05,263.40,-792.39,717.50,10185.00,-1872.50
2024-02-29 14:48:49.502362,-46,204,0,-551.81,263.28,-793.49,1067.50,9572.50,-1925.00
2024-02-29 14:48:49.514675,-46,163,0,-551.07,262.18,-794.59,1172.50,8872.50,-1120.00
2024-02-29 14:48:49.520569,-46,206,0,-550.22,261.08,-795.93,1872.50,8067.50,-245.00
2024-02-29 14:48:49.531945,-46,132,0,-549.24,260.84,-796.78,2537.50,7087.50,122.50
2024-02-29 14:48:49.537886,-46,204,0,-548.27,261.08,-797.15,2800.00,7052.50,192.50
2024-02-29 14:48:49.548843,-46,199,0,-547.29,261.57,-797.15,3360.00,7420.00,-87.50
2024-02-29 14:48:49.555403,-46,202,0,-546.56,262.06,-797.39,3675.00,7945.00,-262.50
2024-02-29 14:48:49.567209,-46,199,0,-545.58,262.30,-798.12,3675.00,8260.00,-87.50
2024-02-29 14:48:49.573262,-46,289,0,-544.61,262.54,-798.86,3237.50,8400.00,105.00
2024-02-29 14:48:49.585476,-46,204,0,-543.75,262.91,-799.22,2940.00,8977.50,52.50
2024-02-29 14:48:49.591378,-46,201,0,-542.78,263.40,-799.95,2520.00,9835.00,-385.00
2024-02-29 14:48:49.603398,-46,121,0,-541.31,263.40,-801.66,1382.50,9677.50,-612.50
2024-02-29 14:48:49.609801,-46,270,0,-539.36,262.54,-804.22,490.00,8837.50,-507.50
2024-02-29 14:48:49.619071,-46,202,0,-537.17,261.93,-807.03,455.00,7472.50,-227.50
2024-02-29 14:48:49.631393,-46,202,0,-534.85,261.93,-809.59,350.00,6265.00,-525.00
2024-02-29 14:48:49.635721,-46,199,0,-532.41,262.67,-812.15,-402.50,5407.50,-1312.50
2024-02-29 14:48:49.649611,-46,198,0,-530.21,263.40,-815.20,-1312.50,4130.00,-2450.00
2024-02-29 14:48:49.656317,-46,203,0,-528.02,263.52,-818.25,-1890.00,2170.00,-3045.00
2024-02-29 14:48:49.668004,-46,204,0,-526.31,263.15,-820.57,-2240.00,717.50,-3045.00
2024-02-29 14:48:49.674487,-46,199,0,-525.33,262.91,-822.04,-2397.50,-105.00,-3167.50
2024-02-29 14:48:49.686275,-46,204,0,-524.84,263.28,-822.65,-2607.50,-647.50,-3570.00
2024-02-29 14:48:49.693022,-46,203,0,-524.72,263.40,-822.65,-2485.00,-665.00,-3885.00
2024-02-29 14:48:49.703564,-46,206,0,-524.72,263.15,-822.52,-2782.50,-752.50,-3815.00
2024-02-29 14:48:49.710215,-46,206,0,-525.09,262.42,-822.28,-2450.00,-910.00,-3430.00
2024-02-29 14:48:49.720843,-46,207,0,-525.45,261.45,-821.55,-2275.00,-770.00,-2607.50
2024-02-29 14:48:49.727538,-46,206,0,-525.58,260.71,-820.69,-2275.00,-665.00,-1855.00
2024-02-29 14:48:49.738070,-46,206,0,-525.45,260.71,-819.72,-1855.00,-542.50,-1330.00
2024-02-29 14:48:49.744607,-46,240,0,-525.09,261.81,-818.74,-997.50,-315.00,-1592.50
2024-02-29 14:48:49.756306,-46,204,0,-524.97,263.15,-817.89,-560.00,17.50,-2240.00
2024-02-29 14:48:49.762147,-46,195,0,-524.97,263.76,-817.40,-332.50,0.00,-2765.00
2024-02-29 14:48:49.774279,-46,202,0,-525.09,263.52,-817.28,17.50,-227.50,-2730.00
2024-02-29 14:48:49.780421,-46,207,0,-525.21,262.67,-817.16,560.00,-437.50,-2205.00
2024-02-29 14:48:49.790250,-46,208,0,-525.21,261.81,-817.16,647.50,-402.50,-1260.00
2024-02-29 14:48:49.802232,-46,204,0,-525.21,261.45,-817.64,385.00,-507.50,-857.50
2024-02-29 14:48:49.808393,-46,204,0,-524.84,261.57,-818.38,-420.00,-805.00,-840.00
2024-02-29 14:48:49.819627,-46,119,0,-524.48,261.93,-819.11,-1137.50,-1435.00,-1015.00
2024-02-29 14:48:49.826294,-46,203,0,-524.11,262.30,-818.99,-700.00,-1592.50,-1400.00
2024-02-29 14:48:49.836810,-46,200,0,-523.87,262.79,-818.38,-770.00,-1277.50,-1977.50
2024-02-29 14:48:49.848808,-46,205,0,-523.62,262.91,-818.01,-770.00,-1242.50,-2345.00
2024-02-29 14:48:49.855357,-46,204,0,-523.62,262.67,-817.89,-490.00,-1452.50,-2450.00
2024-02-29 14:48:49.867100,-46,204,0,-523.75,261.93,-817.64,-560.00,-1417.50,-2187.50
2024-02-29 14:48:49.873800,-46,205,0,-523.87,261.32,-817.64,-752.50,-1312.50,-1610.00
2024-02-29 14:48:49.885337,-46,236,0,-524.11,261.08,-817.89,-1085.00,-1295.00,-1295.00
2024-02-29 14:48:49.893857,-46,205,0,-523.99,261.32,-817.89,-1067.50,-1277.50,-1242.50
2024-02-29 14:48:49.899301,-46,201,0,-523.50,261.57,-818.01,-1312.50,-1382.50,-1347.50
2024-02-29 14:48:49.910082,-46,203,0,-522.77,262.30,-818.13,-1312.50,-1767.50,-1662.50
2024-02-29 14:48:49.917021,-46,202,0,-522.28,263.40,-818.01,-840.00,-2082.50,-2397.50
2024-02-29 14:48:49.928380,-46,122,0,-522.40,264.01,-817.77,-822.50,-1925.00,-2940.00
2024-02-29 14:48:49.935309,-46,203,0,-522.77,263.40,-817.89,-1242.50,-1627.50,-2835.00
2024-02-29 14:48:49.946903,-46,227,0,-523.14,262.06,-818.38,-1837.50,-1662.50,-2100.00
2024-02-29 14:48:49.953777,-46,203,0,-523.38,261.20,-819.23,-1872.50,-2222.50,-1242.50
2024-02-29 14:48:49.965177,-46,134,0,-523.38,261.45,-819.96,-1942.50,-3447.50,-1295.00
2024-02-29 14:48:49.972263,-46,204,0,-523.14,262.06,-819.11,-1977.50,-3885.00,-1452.50
2024-02-29 14:48:49.983900,-46,165,0,-523.38,262.79,-817.52,-1767.50,-3150.00,-1820.00
2024-02-29 14:48:49.990516,-46,202,0,-523.99,263.52,-816.18,-1470.00,-2362.50,-2345.00
2024-02-29 14:48:50.002009,-46,205,0,-525.21,263.64,-815.57,-1015.00,-1697.50,-2502.50
2024-02-29 14:48:50.008810,-46,128,0,-526.55,262.79,-815.57,-367.50,-1575.00,-2257.50
2024-02-29 14:48:50.020264,-46,207,0,-527.41,261.32,-815.69,525.00,-2082.50,-1260.00
2024-02-29 14:48:50.026636,-46,207,0,-527.65,260.23,-815.45,962.50,-2677.50,-192.50
2024-02-29 14:48:50.037416,-46,208,0,-527.28,260.59,-814.23,1015.00,-2800.00,-35.00
2024-02-29 14:48:50.041776,-46,218,0,-527.04,262.06,-812.52,892.50,-2327.50,-682.50
2024-02-29 14:48:50.054796,-46,119,0,-526.80,263.76,-811.42,612.50,-1505.00,-1820.00
2024-02-29 14:48:50.061109,-46,201,0,-526.92,264.86,-811.18,280.00,-1172.50,-2467.50
2024-02-29 14:48:50.073109,-46,201,0,-527.53,264.74,-812.03,-122.50,-1260.00,-2677.50
2024-02-29 14:48:50.079822,-46,114,0,-528.50,263.76,-812.89,-665.00,-1347.50,-2257.50
2024-02-29 14:48:50.090589,-46,203,0,-529.48,261.81,-813.37,-1085.00,-962.50,-1050.00
2024-02-29 14:48:50.102280,-46,137,0,-529.60,260.23,-814.11,-1067.50,-1417.50,175.00
2024-02-29 14:48:50.110695,-46,125,0,-529.24,259.74,-814.59,-1592.50,-2275.00,787.50
2024-02-29 14:48:50.115099,-46,201,0,-528.99,260.84,-814.23,-665.00,-2887.50,297.50
2024-02-29 14:48:50.126724,-46,203,0,-528.87,262.54,-813.13,-875.00,-2730.00,-962.50
2024-02-29 14:48:50.133330,-46,199,0,-528.87,263.64,-812.15,-385.00,-1977.50,-1855.00
2024-02-29 14:48:50.144067,-46,201,0,-529.11,263.64,-811.79,-507.50,-1627.50,-1837.50
2024-02-29 14:48:50.155871,-46,202,0,-529.48,263.28,-812.15,-315.00,-1522.50,-1382.50
2024-02-29 14:48:50.162734,-46,274,0,-529.97,263.03,-813.50,1085.00,-2555.00,-1330.00
2024-02-29 14:48:50.173330,-46,203,0,-530.58,262.79,-813.74,997.50,-3290.00,-1295.00
2024-02-29 14:48:50.179779,-46,178,0,-530.94,262.18,-812.76,1277.50,-2695.00,-980.00
2024-02-29 14:48:50.191603,-46,206,0,-530.94,261.81,-811.91,1050.00,-2240.00,-525.00
2024-02-29 14:48:50.198019,-46,206,0,-530.94,262.06,-811.06,-105.00,-2135.00,-577.50
2024-02-29 14:48:50.209640,-46,202,0,-530.94,262.79,-810.45,-542.50,-1907.50,-1067.50
2024-02-29 14:48:50.216704,-46,133,0,-531.19,263.03,-809.96,-1137.50,-1610.00,-1365.00
2024-02-29 14:48:50.228241,-46,204,0,-531.43,262.67,-809.47,-1837.50,-1260.00,-1032.50
2024-02-29 14:48:50.234699,-46,294,0,-531.92,262.30,-809.23,-2170.00,-962.50,-507.50
2024-02-29 14:48:50.245353,-46,204,0,-532.65,262.18,-809.35,-1365.00,-857.50,-157.50
2024-02-29 14:48:50.251545,-46,142,0,-533.26,262.54,-810.08,-210.00,-997.50,-210.00
2024-02-29 14:48:50.262438,-46,202,0,-533.51,262.79,-810.08,-472.50,-1347.50,-262.50
2024-02-29 14:48:50.268816,-46,129,0,-533.63,263.03,-809.23,-857.50,-1067.50,-87.50
2024-02-29 14:48:50.280520,-46,205,0,-533.63,263.28,-808.01,-805.00,-560.00,-87.50
2024-02-29 14:48:50.286782,-46,206,0,-533.99,263.89,-806.91,-385.00,17.50,-332.50
2024-02-29 14:48:50.297068,-46,171,0,-534.36,264.13,-806.54,-175.00,70.00,-437.50
2024-02-29 14:48:50.309473,-46,202,0,-534.36,264.01,-806.66,-227.50,-262.50,-297.50
2024-02-29 14:48:50.315156,-46,208,0,-534.36,263.76,-806.66,-385.00,-332.50,0.00
2024-02-29 14:48:50.326369,-46,201,0,-534.48,263.64,-806.91,-752.50,-402.50,157.50
2024-02-29 14:48:50.332396,-46,204,0,-534.60,263.76,-807.03,-857.50,-525.00,297.50
2024-02-29 14:48:50.343077,-46,204,0,-534.48,263.76,-807.40,-962.50,-770.00,332.50
2024-02-29 14:48:50.355262,-46,254,0,-534.12,264.13,-807.76,-1137.50,-1085.00,227.50
2024-02-29 14:48:50.361494,-46,205,0,-533.87,264.86,-807.88,-945.00,-1312.50,-52.50
2024-02-29 14:48:50.372441,-46,125,0,-533.75,265.96,-807.88,-612.50,-997.50,-822.50
2024-02-29 14:48:50.378688,-46,222,0,-533.87,266.45,-808.37,0.00,-1085.00,-1505.00
2024-02-29 14:48:50.389408,-46,206,0,-533.51,265.84,-809.10,-262.50,-1662.50,-1470.00
2024-02-29 14:48:50.396123,-46,204,0,-533.02,264.98,-809.47,-647.50,-2257.50,-892.50
2024-02-29 14:48:50.407637,-46,205,0,-532.90,264.74,-809.23,-700.00,-2310.00,-472.50
2024-02-29 14:48:50.414049,-46,204,0,-533.02,265.72,-808.98,-927.50,-1925.00,-735.00
2024-02-29 14:48:50.425703,-46,134,0,-533.38,267.18,-809.59,-52.50,-2170.00,-1785.00
2024-02-29 14:48:50.432295,-46,199,0,-533.75,268.16,-810.20,-52.50,-2817.50,-2642.50
2024-02-29 14:48:50.442909,-46,290,0,-533.87,267.91,-809.84,-752.50,-2502.50,-2660.00
2024-02-29 14:48:50.449934,-46,167,0,-534.12,267.06,-809.71,-1330.00,-2432.50,-2047.50
2024-02-29 14:48:50.460437,-46,204,0,-534.36,266.20,-809.59,-1627.50,-2747.50,-1365.00
2024-02-29 14:48:50.472159,-46,124,0,-534.60,265.59,-808.98,-1452.50,-2922.50,-1015.00
2024-02-29 14:48:50.479056,-46,204,0,-534.85,265.47,-807.76,-1872.50,-2747.50,-770.00
2024-02-29 14:48:50.490445,-46,204,0,-535.21,266.20,-806.30,-2082.50,-1802.50,-980.00
2024-02-29 14:48:50.497455,-46,204,0,-535.82,267.18,-805.32,-2817.50,-1225.00,-1557.50
2024-02-29 14:48:50.508775,-46,204,0,-536.43,267.06,-804.71,-3640.00,-787.50,-1662.50
2024-02-29 14:48:50.517395,-46,208,0,-537.17,266.45,-804.96,-2100.00,-822.50,-1225.00
2024-02-29 14:48:50.522235,-46,206,0,-537.78,266.08,-805.32,-542.50,-1837.50,-805.00
2024-02-29 14:48:50.533414,-46,205,0,-538.26,266.33,-804.47,-227.50,-1522.50,-542.50
2024-02-29 14:48:50.539918,-46,205,0,-539.00,266.94,-803.74,-665.00,-1067.50,-752.50
2024-02-29 14:48:50.551608,-46,203,0,-539.61,266.94,-803.49,-945.00,-927.50,-962.50
2024-02-29 14:48:50.556006,-46,202,0,-539.85,266.08,-803.25,-525.00,-857.50,-175.00
2024-02-29 14:48:50.568421,-46,202,0,-539.97,265.72,-803.00,-630.00,-927.50,455.00
2024-02-29 14:48:50.580636,-46,204,0,-540.09,266.33,-802.39,-927.50,-945.00,367.50
2024-02-29 14:48:50.586260,-46,206,0,-540.22,267.18,-801.66,-945.00,-560.00,0.00
2024-02-29 14:48:50.597434,-46,206,0,-540.46,267.67,-801.54,-52.50,-857.50,-350.00
2024-02-29 14:48:50.603657,-46,187,0,-540.46,267.79,-801.17,402.50,-1067.50,-140.00
2024-02-29 14:48:50.615570,-46,124,0,-540.70,267.91,-800.44,-105.00,-525.00,280.00
2024-02-29 14:48:50.621305,-46,204,0,-541.19,268.52,-800.20,-735.00,52.50,87.50
2024-02-29 14:48:50.633473,-46,288,0,-541.44,269.13,-800.81,-700.00,367.50,-507.50
2024-02-29 14:48:50.639735,-46,204,0,-541.31,269.38,-801.66,-805.00,-420.00,-682.50
2024-02-29 14:48:50.650603,-46,203,0,-540.83,268.89,-801.91,-840.00,-822.50,-402.50
2024-02-29 14:48:50.662611,-46,206,0,-540.46,268.64,-801.78,-840.00,-787.50,-17.50
2024-02-29 14:48:50.666964,-46,206,0,-540.09,269.13,-801.78,-805.00,-1015.00,-280.00
2024-02-29 14:48:50.679561,-46,217,0,-539.73,269.62,-801.91,-560.00,-1295.00,-647.50
2024-02-29 14:48:50.686180,-46,201,0,-539.73,270.11,-801.78,-647.50,-1452.50,-735.00
2024-02-29 14:48:50.696703,-46,201,0,-540.09,270.35,-801.54,-840.00,-1085.00,-840.00
2024-02-29 14:48:50.703148,-46,202,0,-540.83,270.11,-801.30,-927.50,-525.00,-875.00
2024-02-29 14:48:50.714827,-46,203,0,-541.19,269.38,-801.78,-490.00,-770.00,-437.50
2024-02-29 14:48:50.720932,-46,147,0,-541.07,268.64,-802.27,560.00,-1680.00,280.00
2024-02-29 14:48:50.733122,-46,205,0,-540.83,269.01,-801.91,665.00,-1907.50,612.50
2024-02-29 14:48:50.739091,-46,203,0,-541.07,270.72,-800.69,402.50,-1085.00,-17.50
2024-02-29 14:48:50.750030,-46,182,0,-541.80,272.30,-799.83,-630.00,157.50,-1225.00
2024-02-29 14:48:50.761861,-46,203,0,-542.66,272.55,-800.08,-595.00,752.50,-1872.50
2024-02-29 14:48:50.766295,-46,207,0,-543.02,271.33,-800.81,-490.00,682.50,-1295.00
2024-02-29 14:48:50.774598,-46,207,0,-542.66,269.86,-801.91,-840.00,-157.50,-192.50
2024-02-29 14:48:50.786574,-46,203,0,-541.80,269.01,-802.39,-962.50,-1295.00,525.00
2024-02-29 14:48:50.790693,-46,208,0,-541.19,269.62,-801.66,-507.50,-1522.50,612.50
2024-02-29 14:48:50.804487,-46,205,0,-540.58,271.82,-800.32,192.50,-1015.00,-367.50
2024-02-29 14:48:50.810852,-46,124,0,-540.58,274.38,-799.47,-192.50,-402.50,-2012.50
2024-02-29 14:48:50.821591,-46,177,0,-540.95,275.48,-799.34,-682.50,52.50,-3010.00
2024-02-29 14:48:50.833514,-46,200,0,-541.68,274.62,-800.08,-770.00,-297.50,-2870.00
2024-02-29 14:48:50.840098,-46,200,0,-542.29,271.94,-801.30,157.50,-1330.00,-1400.00
2024-02-29 14:48:50.851635,-46,206,0,-542.66,269.25,-801.78,910.00,-2397.50,577.50
2024-02-29 14:48:50.856114,-46,199,0,-542.78,268.64,-800.81,1190.00,-2222.50,1505.00
2024-02-29 14:48:50.869073,-46,223,0,-543.14,270.11,-799.71,945.00,-1330.00,735.00
2024-02-29 14:48:50.875225,-46,201,0,-543.51,272.06,-799.22,70.00,-735.00,-717.50
2024-02-29 14:48:50.887229,-46,205,0,-543.63,272.67,-799.10,-735.00,-490.00,-1295.00
2024-02-29 14:48:50.893669,-46,207,0,-543.39,272.30,-798.73,-1435.00,-717.50,-822.50
2024-02-29 14:48:50.905139,-46,205,0,-543.27,272.18,-798.12,-1225.00,-367.50,-402.50
2024-02-29 14:48:50.911737,-46,205,0,-543.02,273.04,-798.00,35.00,-472.50,-892.50
2024-02-29 14:48:50.922344,-46,204,0,-542.53,274.01,-798.37,297.50,-1172.50,-1487.50
2024-02-29 14:48:50.928772,-46,205,0,-542.17,274.50,-798.37,315.00,-1505.00,-1732.50
2024-02-29 14:48:50.939654,-46,205,0,-542.17,274.74,-798.25,472.50,-1592.50,-2082.50
2024-02-29 14:48:50.951502,-46,113,0,-542.78,274.26,-798.12,875.00,-1312.50,-2082.50
2024-02-29 14:48:50.960174,-46,206,0,-543.63,273.04,-798.49,682.50,-1137.50,-1505.00
2024-02-29 14:48:50.964502,-46,201,0,-544.36,271.45,-798.86,332.50,-1312.50,-332.50
2024-02-29 14:48:50.976322,-46,205,0,-544.73,270.47,-798.86,192.50,-1470.00,542.50
2024-02-29 14:48:50.982297,-46,260,0,-544.97,270.84,-798.12,-87.50,-1260.00,717.50
2024-02-29 14:48:50.994253,-46,206,0,-545.10,271.94,-797.03,-315.00,-665.00,210.00
2024-02-29 14:48:51.000357,-46,201,0,-545.10,273.28,-795.93,-385.00,-140.00,-525.00
2024-02-29 14:48:51.010876,-46,204,0,-545.10,274.01,-794.95,-455.00,402.50,-945.00
2024-02-29 14:48:51.023230,-46,201,0,-545.46,274.01,-794.83,0.00,717.50,-1137.50
2024-02-29 14:48:51.029143,-46,204,0,-545.83,273.52,-795.20,717.50,822.50,-717.50
2024-02-29 14:48:51.040311,-46,207,0,-545.58,272.55,-796.17,980.00,647.50,-70.00
2024-02-29 14:48:51.046174,-46,206,0,-544.97,272.18,-797.64,577.50,-262.50,280.00
2024-02-29 14:48:51.058056,-46,203,0,-544.24,272.79,-798.73,910.00,-1172.50,-157.50
2024-02-29 14:48:51.064465,-46,204,0,-543.51,273.77,-798.98,717.50,-1470.00,-1102.50
2024-02-29 14:48:51.076401,-46,207,0,-542.90,274.26,-799.10,-35.00,-1487.50,-1837.50
2024-02-29 14:48:51.082904,-46,221,0,-542.29,274.01,-799.59,-682.50,-2170.00,-1890.00
2024-02-29 14:48:51.094633,-46,201,0,-542.41,273.77,-800.08,-980.00,-2782.50,-1575.00
2024-02-29 14:48:51.101231,-46,205,0,-543.39,273.52,-800.08,-227.50,-2782.50,-1522.50
2024-02-29 14:48:51.111735,-46,120,0,-544.85,273.04,-799.34,595.00,-2362.50,-1295.00
2024-02-29 14:48:51.118117,-46,206,0,-545.83,271.94,-798.61,437.50,-1697.50,-420.00
2024-02-29 14:48:51.128547,-46,118,0,-546.32,271.33,-798.49,262.50,-1837.50,472.50
2024-02-29 14:48:51.140807,-46,203,0,-546.44,271.69,-797.76,245.00,-2065.00,857.50
2024-02-29 14:48:51.146676,-46,212,0,-546.68,273.04,-796.42,945.00,-1487.50,157.50
2024-02-29 14:48:51.158985,-46,208,0,-546.93,274.38,-794.95,1032.50,-700.00,-840.00
2024-02-29 14:48:51.163246,-46,201,0,-547.05,274.50,-794.34,630.00,-122.50,-1330.00
2024-02-29 14:48:51.176032,-46,204,0,-547.29,273.89,-794.83,280.00,-245.00,-1085.00
2024-02-29 14:48:51.182210,-46,204,0,-547.54,273.04,-795.56,280.00,-647.50,-472.50
2024-02-29 14:48:51.194180,-46,206,0,-547.78,272.79,-796.05,420.00,-700.00,-157.50
2024-02-29 14:48:51.200316,-46,204,0,-547.66,273.04,-796.05,350.00,-910.00,-297.50
2024-02-29 14:48:51.212212,-46,206,0,-547.29,273.28,-795.93,140.00,-1050.00,-490.00
2024-02-29 14:48:51.216622,-46,205,0,-547.29,273.52,-795.93,122.50,-1312.50,-665.00
2024-02-29 14:48:51.229413,-46,242,0,-547.78,273.89,-795.44,787.50,-997.50,-945.00
2024-02-29 14:48:51.235632,-46,205,0,-548.39,273.77,-794.71,595.00,-280.00,-1120.00
2024-02-29 14:48:51.245996,-46,114,0,-549.00,273.04,-794.22,105.00,87.50,-700.00
2024-02-29 14:48:51.258483,-46,204,0,-549.49,272.06,-793.85,140.00,350.00,35.00
2024-02-29 14:48:51.264118,-46,202,0,-549.61,271.82,-793.37,280.00,700.00,507.50
2024-02-29 14:48:51.275445,-46,142,0,-549.61,272.06,-793.24,472.50,962.50,472.50
2024-02-29 14:48:51.280898,-46,121,0,-549.37,272.30,-793.73,577.50,840.00,297.50
2024-02-29 14:48:51.293515,-46,205,0,-548.39,272.55,-794.46,507.50,175.00,332.50
2024-02-29 14:48:51.299247,-46,204,0,-547.29,273.40,-795.07,192.50,-437.50,157.50
2024-02-29 14:48:51.309959,-46,134,0,-546.93,274.99,-795.32,-70.00,-682.50,-822.50
2024-02-29 14:48:51.322139,-46,203,0,-546.93,275.96,-795.68,-175.00,-507.50,-1890.00
2024-02-29 14:48:51.330687,-46,174,0,-547.05,275.23,-796.54,-262.50,-665.00,-1907.50
2024-02-29 14:48:51.335354,-46,204,0,-547.41,273.77,-797.39,-262.50,-1435.00,-1050.00
2024-02-29 14:48:51.346793,-46,202,0,-548.15,272.43,-797.51,52.50,-1540.00,52.50
2024-02-29 14:48:51.352663,-46,208,0,-548.88,272.06,-796.78,332.50,-1260.00,490.00
2024-02-29 14:48:51.364891,-46,142,0,-549.00,272.30,-795.81,577.50,-735.00,350.00
2024-02-29 14:48:51.370488,-46,204,0,-548.63,272.91,-794.95,315.00,-542.50,175.00
2024-02-29 14:48:51.381410,-46,279,0,-548.27,273.77,-793.98,192.50,-350.00,-280.00
2024-02-29 14:48:51.393649,-46,207,0,-548.27,274.87,-793.00,105.00,245.00,-980.00
2024-02-29 14:48:51.399617,-46,203,0,-548.51,275.23,-792.76,-105.00,875.00,-1680.00
2024-02-29 14:48:51.409391,-46,209,0,-548.63,274.62,-793.49,-297.50,700.00,-1452.50
2024-02-29 14:48:51.421344,-46,205,0,-548.51,273.65,-794.71,-647.50,-402.50,-700.00
2024-02-29 14:48:51.427733,-46,201,0,-548.51,273.28,-795.32,-945.00,-875.00,-70.00
2024-02-29 14:48:51.439535,-46,200,0,-548.76,273.77,-795.07,-1330.00,-437.50,-245.00
2024-02-29 14:48:51.445874,-46,199,0,-548.88,274.13,-795.20,-1855.00,0.00,-577.50
2024-02-29 14:48:51.455548,-46,210,0,-548.39,274.26,-795.56,-1785.00,-560.00,-665.00
2024-02-29 14:48:51.462275,-46,202,0,-547.90,274.50,-795.44,-1137.50,-1260.00,-647.50
2024-02-29 14:48:51.473771,-46,217,0,-547.66,275.11,-794.71,-700.00,-822.50,-945.00
2024-02-29 14:48:51.480147,-46,229,0,-548.02,275.60,-794.46,-280.00,-665.00,-1575.00
2024-02-29 14:48:51.491921,-46,199,0,-548.76,274.74,-794.83,-315.00,-542.50,-1347.50
2024-02-29 14:48:51.498232,-46,198,0,-549.24,273.04,-795.44,-315.00,-945.00,-192.50
2024-02-29 14:48:51.510080,-46,203,0,-549.49,272.06,-795.68,-122.50,-1347.50,927.50
2024-02-29 14:48:51.516070,-46,210,0,-549.73,272.91,-794.95,140.00,-875.00,752.50
2024-02-29 14:48:51.526708,-46,206,0,-549.73,274.50,-794.22,87.50,-87.50,-525.00
2024-02-29 14:48:51.537873,-46,141,0,-549.73,275.48,-794.22,175.00,-210.00,-1505.00
2024-02-29 14:48:51.544320,-46,204,0,-549.49,275.11,-794.46,70.00,-717.50,-1435.00
2024-02-29 14:48:51.555045,-46,153,0,-549.37,274.01,-794.22,367.50,-787.50,-525.00
2024-02-29 14:48:51.560980,-46,202,0,-549.37,273.52,-794.34,612.50,-892.50,140.00
2024-02-29 14:48:51.573121,-46,206,0,-549.24,273.89,-794.34,630.00,-1172.50,87.50
2024-02-29 14:48:51.579504,-46,206,0,-549.37,274.74,-794.10,612.50,-1085.00,-437.50
2024-02-29 14:48:51.591260,-46,206,0,-549.61,275.48,-793.98,297.50,-735.00,-962.50
2024-02-29 14:48:51.595568,-46,206,0,-549.98,275.35,-793.73,-140.00,-612.50,-1085.00
2024-02-29 14:48:51.608031,-46,236,0,-550.22,274.38,-793.73,-52.50,-542.50,-612.50
2024-02-29 14:48:51.620092,-46,198,0,-550.22,273.52,-793.73,-245.00,-630.00,17.50
2024-02-29 14:48:51.626018,-46,201,0,-550.22,273.28,-793.73,-245.00,-735.00,280.00
2024-02-29 14:48:51.638094,-46,203,0,-550.34,273.89,-793.73,175.00,-805.00,-52.50
2024-02-29 14:48:51.644092,-46,202,0,-550.46,274.50,-793.49,420.00,-1015.00,-577.50
2024-02-29 14:48:51.655074,-46,203,0,-550.71,274.50,-792.76,595.00,-717.50,-490.00
2024-02-29 14:48:51.660882,-46,111,0,-551.44,274.26,-792.02,525.00,-192.50,-17.50
2024-02-29 14:48:51.673354,-46,202,0,-552.42,273.77,-791.54,560.00,525.00,490.00
2024-02-29 14:48:51.678995,-46,202,0,-553.03,273.52,-791.54,945.00,875.00,857.50
2024-02-29 14:48:51.690277,-46,205,0,-552.66,273.40,-791.66,560.00,630.00,1277.50
2024-02-29 14:48:51.696023,-46,242,0,-551.68,274.01,-791.66,87.50,105.00,1382.50
2024-02-29 14:48:51.708337,-46,203,0,-550.95,275.60,-791.54,437.50,-122.50,682.50
2024-02-29 14:48:51.714217,-46,205,0,-550.22,277.18,-791.54,875.00,-210.00,-350.00
2024-02-29 14:48:51.726490,-46,204,0,-549.73,278.16,-791.78,542.50,0.00,-1277.50
2024-02-29 14:48:51.732642,-46,117,0,-549.24,278.16,-792.76,-332.50,-507.50,-1522.50
2024-02-29 14:48:51.743515,-46,201,0,-549.49,277.18,-793.37,-507.50,-1032.50,-1102.50
2024-02-29 14:48:51.754306,-46,205,0,-549.98,276.21,-793.49,70.00,-752.50,-700.00
2024-02-29 14:48:51.760339,-46,206,0,-550.71,275.72,-793.49,17.50,-525.00,-455.00
2024-02-29 14:48:51.772245,-46,202,0,-551.20,274.99,-793.24,-52.50,-630.00,-210.00
2024-02-29 14:48:51.778300,-46,204,0,-551.32,274.13,-792.63,70.00,-542.50,420.00
2024-02-29 14:48:51.790347,-46,205,0,-551.44,273.89,-791.41,87.50,-192.50,840.00
2024-02-29 14:48:51.795960,-46,203,0,-551.44,274.74,-790.56,245.00,385.00,682.50
2024-02-29 14:48:51.808296,-46,205,0,-551.20,276.09,-790.32,-192.50,647.50,-17.50
2024-02-29 14:48:51.814424,-46,205,0,-550.71,276.82,-790.80,-157.50,245.00,-472.50
2024-02-29 14:48:51.824907,-46,204,0,-550.22,276.94,-791.05,-490.00,-87.50,-315.00
2024-02-29 14:48:51.837046,-46,204,0,-549.98,276.94,-791.05,52.50,122.50,-385.00
2024-02-29 14:48:51.842636,-46,288,0,-550.22,276.94,-791.41,280.00,350.00,-455.00
2024-02-29 14:48:51.853973,-46,205,0,-550.46,276.94,-792.39,507.50,297.50,-612.50
2024-02-29 14:48:51.859874,-46,205,0,-550.95,276.45,-793.73,682.50,-315.00,-665.00
2024-02-29 14:48:51.871948,-46,205,0,-551.20,275.48,-793.98,892.50,-647.50,-122.50
2024-02-29 14:48:51.877840,-46,204,0,-551.56,274.74,-793.00,1050.00,-87.50,665.00
2024-02-29 14:48:51.890054,-46,288,0,-551.81,274.99,-791.66,1645.00,822.50,717.50
2024-02-29 14:48:51.895923,-46,202,0,-551.68,275.48,-790.80,1820.00,997.50,367.50
2024-02-29 14:48:51.907197,-46,144,0,-551.68,275.72,-790.32,1977.50,927.50,262.50
2024-02-29 14:48:51.913107,-46,208,0,-551.93,275.72,-789.71,2012.50,1295.00,315.00
2024-02-29 14:48:51.923970,-46,201,0,-552.42,275.72,-788.97,1872.50,2170.00,525.00
2024-02-29 14:48:51.936151,-46,206,0,-552.66,275.60,-789.34,1487.50,2922.50,665.00
2024-02-29 14:48:51.942130,-46,293,0,-552.29,275.35,-791.05,1207.50,1802.50,595.00
2024-02-29 14:48:51.953537,-46,202,0,-551.32,275.23,-792.02,1137.50,945.00,875.00
2024-02-29 14:48:51.959399,-46,162,0,-550.46,275.84,-792.27,1487.50,1102.50,700.00
2024-02-29 14:48:51.970609,-46,206,0,-549.49,277.06,-793.12,1102.50,875.00,-367.50
2024-02-29 14:48:51.976484,-46,205,0,-548.76,277.79,-794.34,420.00,52.50,-1172.50
2024-02-29 14:48:51.988609,-46,200,0,-548.27,277.43,-795.20,140.00,-630.00,-980.00
2024-02-29 14:48:51.994718,-46,204,0,-548.27,276.94,-795.68,175.00,-770.00,-472.50
2024-02-29 14:48:52.006713,-46,204,0,-548.39,277.06,-795.81,-70.00,-875.00,-507.50
2024-02-29 14:48:52.012824,-46,204,0,-548.51,277.55,-795.56,-17.50,-927.50,-857.50
2024-02-29 14:48:52.023556,-46,204,0,-548.51,277.79,-794.95,-35.00,-787.50,-1102.50
2024-02-29 14:48:52.035601,-46,110,0,-548.51,277.92,-793.98,157.50,-437.50,-1137.50
2024-02-29 14:48:52.041789,-46,204,0,-549.00,277.92,-793.24,577.50,-70.00,-1120.00
