Time,x,y,pressure,accel_x,accel_y,accel_z,gyro_x,gyro_y,gyro_z
2024-02-29 14:27:05.394298,172,53,635,-924.88,-419.19,8.91,-160667.50,49542.50,-11900.00
2024-02-29 14:27:05.405450,-46,124,0,-913.17,-442.01,4.76,-270077.50,57522.50,22785.00
2024-02-29 14:27:05.412740,-46,208,0,-906.83,-447.25,-22.57,-295627.50,48510.00,39532.50
2024-02-29 14:27:05.424070,-46,209,0,-905.24,-434.32,-60.76,-310782.50,28210.00,36575.00
2024-02-29 14:27:05.431695,-46,128,0,-906.46,-411.51,-100.16,-309907.50,5022.50,19722.50
2024-02-29 14:27:05.442669,-46,306,0,-904.39,-387.59,-135.79,-289782.50,-17132.50,-3360.00
2024-02-29 14:27:05.450984,-46,222,0,-899.63,-362.83,-161.28,-236127.50,-37152.50,-24885.00
2024-02-29 14:27:05.460464,-46,143,0,-893.77,-337.45,-178.49,-307335.00,-45097.50,-48335.00
2024-02-29 14:27:05.468906,-46,220,0,-880.35,-325.98,-193.13,-456067.50,-52535.00,-61005.00
2024-02-29 14:27:05.479269,-46,218,0,-861.32,-324.03,-206.91,-566160.00,-55755.00,-66780.00
2024-02-29 14:27:05.487900,-46,219,0,-841.92,-318.05,-220.21,-573370.00,-53252.50,-78645.00
2024-02-29 14:27:05.498251,-46,152,0,-828.75,-318.79,-234.00,-573370.00,-38867.50,-88445.00
2024-02-29 14:27:05.502635,-46,216,0,-826.92,-335.50,-257.30,-573370.00,-28630.00,-81672.50
2024-02-29 14:27:05.513768,-46,220,0,-824.23,-354.41,-287.92,-573370.00,-34947.50,-71557.50
2024-02-29 14:27:05.522171,-46,218,0,-818.25,-360.02,-311.83,-573370.00,-48510.00,-82897.50
2024-02-29 14:27:05.532554,-46,220,0,-814.35,-349.90,-322.81,-572092.50,-48492.50,-103057.50
2024-02-29 14:27:05.541284,-46,275,0,-819.11,-349.65,-328.91,-457362.50,-44082.50,-123462.50
2024-02-29 14:27:05.550485,-46,221,0,-832.41,-364.17,-336.96,-197330.00,-43050.00,-122552.50
2024-02-29 14:27:05.559205,-46,220,0,-843.26,-368.07,-339.65,-143745.00,-40705.00,-114310.00
2024-02-29 14:27:05.569347,-46,144,0,-852.54,-366.49,-337.57,-238350.00,-33442.50,-107170.00
2024-02-29 14:27:05.577729,-46,217,0,-862.54,-361.61,-337.45,-338607.50,-21472.50,-97860.00
2024-02-29 14:27:05.588214,-46,218,0,-871.81,-331.35,-335.87,-411425.00,-5950.00,-101360.00
2024-02-29 14:27:05.596788,-46,216,0,-877.91,-285.48,-329.28,-405895.00,15312.50,-125020.00
2024-02-29 14:27:05.604065,-46,229,0,-880.72,-243.27,-324.64,-227605.00,37292.50,-150237.50
2024-02-29 14:27:05.613684,-46,220,0,-880.35,-201.67,-325.86,-77910.00,47582.50,-177800.00
2024-02-29 14:27:05.621647,-46,180,0,-874.25,-165.43,-342.33,65747.50,44922.50,-204487.50
2024-02-29 14:27:05.631317,-46,232,0,-861.32,-142.25,-380.64,93747.50,21927.50,-223090.00
2024-02-29 14:27:05.639326,-46,220,0,-842.78,-131.03,-430.78,48002.50,-12740.00,-232032.50
2024-02-29 14:27:05.649138,-46,219,0,-819.60,-127.25,-482.14,-31045.00,-48772.50,-237055.00
2024-02-29 14:27:05.657415,-46,220,0,-791.78,-126.88,-525.21,-92907.50,-77577.50,-242690.00
2024-02-29 14:27:05.667865,-46,222,0,-759.33,-124.68,-549.49,-152337.50,-90352.50,-253487.50
2024-02-29 14:27:05.677938,-46,217,0,-726.02,-120.78,-548.63,-104370.00,-87132.50,-271040.00
2024-02-29 14:27:05.686552,-46,194,0,-699.79,-117.12,-531.55,29802.50,-75442.50,-292197.50
2024-02-29 14:27:05.692850,-46,220,0,-685.03,-122.73,-525.45,127942.50,-74270.00,-305322.50
2024-02-29 14:27:05.703765,-46,220,0,-679.78,-154.94,-541.80,108937.50,-92330.00,-298882.50
2024-02-29 14:27:05.712174,-46,141,0,-677.95,-219.97,-564.98,121240.00,-114730.00,-271740.00
2024-02-29 14:27:05.721434,-46,216,0,-677.34,-278.40,-576.57,89722.50,-134330.00,-233485.00
2024-02-29 14:27:05.730011,-46,219,0,-671.24,-309.15,-572.79,-57890.00,-138040.00,-215565.00
2024-02-29 14:27:05.740260,-46,221,0,-654.65,-333.79,-562.66,-52045.00,-131075.00,-214130.00
2024-02-29 14:27:05.748597,-46,301,0,-636.35,-363.56,-551.20,6230.00,-121695.00,-212432.50
2024-02-29 14:27:05.759048,-46,217,0,-624.64,-400.16,-546.80,-5547.50,-116305.00,-199447.50
2024-02-29 14:27:05.767707,-46,219,0,-618.42,-441.15,-558.27,-100905.00,-121205.00,-177870.00
2024-02-29 14:27:05.776897,-46,220,0,-611.95,-490.20,-578.16,-154840.00,-136465.00,-153895.00
2024-02-29 14:27:05.785813,-46,217,0,-604.14,-532.77,-593.90,-213045.00,-153667.50,-128520.00
2024-02-29 14:27:05.795822,-46,158,0,-592.92,-554.49,-596.82,-251037.50,-165777.50,-118212.50
2024-02-29 14:27:05.804442,-46,293,0,-580.23,-560.47,-581.21,-201460.00,-163502.50,-121870.00
2024-02-29 14:27:05.812585,-46,219,0,-569.50,-555.34,-549.00,-186602.50,-144235.00,-130900.00
2024-02-29 14:27:05.821525,-46,143,0,-559.74,-544.61,-504.35,-121275.00,-111457.50,-145722.50
2024-02-29 14:27:05.830194,-46,220,0,-550.34,-542.41,-458.84,-18655.00,-73132.50,-156835.00
2024-02-29 14:27:05.839353,-46,220,0,-543.27,-559.25,-425.78,53445.00,-43050.00,-154595.00
2024-02-29 14:27:05.847573,-46,222,0,-540.95,-597.80,-406.87,144532.50,-21595.00,-137375.00
2024-02-29 14:27:05.858153,-46,245,0,-542.90,-647.21,-403.33,190767.50,-12390.00,-106120.00
2024-02-29 14:27:05.866540,-46,222,0,-547.41,-685.15,-410.53,149607.50,-17185.00,-75145.00
2024-02-29 14:27:05.876981,-46,219,0,-549.73,-702.11,-415.41,77560.00,-28157.50,-58152.50
2024-02-29 14:27:05.885606,-46,219,0,-550.22,-702.84,-408.82,105.00,-35140.00,-53182.50
2024-02-29 14:27:05.892044,-46,247,0,-549.61,-690.76,-392.35,-51765.00,-34317.50,-57400.00
2024-02-29 14:27:05.902235,-46,220,0,-546.07,-671.49,-372.83,-70542.50,-31062.50,-70945.00
2024-02-29 14:27:05.910347,-46,221,0,-538.87,-654.90,-350.02,-17062.50,-26722.50,-87132.50
2024-02-29 14:27:05.920940,-46,220,0,-530.70,-636.47,-320.62,28577.50,-17465.00,-103110.00
2024-02-29 14:27:05.928776,-46,159,0,-523.87,-616.59,-286.33,48475.00,-577.50,-121887.50
2024-02-29 14:27:05.937626,-46,204,0,-517.52,-608.29,-253.27,103775.00,20335.00,-138442.50
2024-02-29 14:27:05.945688,-46,245,0,-509.96,-613.66,-228.38,139510.00,39900.00,-144865.00
2024-02-29 14:27:05.956428,-46,257,0,-500.69,-638.67,-220.33,176242.50,53777.50,-140682.50
2024-02-29 14:27:05.964611,-46,223,0,-493.37,-680.39,-237.29,207742.50,51345.00,-122360.00
2024-02-29 14:27:05.975301,-46,141,0,-488.49,-722.00,-275.11,125790.00,26127.50,-97212.50
2024-02-29 14:27:05.983254,-46,219,0,-481.29,-764.45,-318.42,13562.50,-10097.50,-70997.50
2024-02-29 14:27:05.993056,-46,219,0,-469.70,-813.13,-358.56,18042.50,-44450.00,-42105.00
2024-02-29 14:27:06.000837,-46,220,0,-457.50,-859.37,-389.42,24552.50,-75425.00,-9870.00
2024-02-29 14:27:06.011709,-46,219,0,-447.98,-889.14,-400.16,40880.00,-95060.00,14367.50
2024-02-29 14:27:06.019431,-46,209,0,-440.66,-894.02,-384.79,60760.00,-99067.50,23065.00
2024-02-29 14:27:06.030436,183,65,946,-435.30,-868.88,-338.92,102532.50,-81305.00,11690.00
2024-02-29 14:27:06.039067,182,81,0,-432.12,-812.52,-265.96,127015.00,-38552.50,-21735.00
2024-02-29 14:27:06.045694,182,64,0,-436.39,-741.03,-181.17,134557.50,17727.50,-76720.00
2024-02-29 14:27:06.055898,177,179,0,-447.62,-678.81,-101.75,114905.00,72100.00,-135957.50
2024-02-29 14:27:06.063810,-46,206,0,-450.30,-639.65,-36.60,62440.00,116025.00,-180985.00
2024-02-29 14:27:06.074655,-46,204,0,-437.25,-625.49,9.88,74095.00,148732.50,-209632.50
2024-02-29 14:27:06.082216,176,61,723,-408.33,-623.66,33.18,179182.50,165987.50,-227797.50
2024-02-29 14:27:06.092389,158,197,0,-371.25,-635.01,28.79,247940.00,163362.50,-241255.00
2024-02-29 14:27:06.100378,169,60,612,-343.80,-682.35,-14.64,233590.00,131792.50,-232750.00
2024-02-29 14:27:06.110106,165,59,566,-326.47,-764.57,-87.84,33425.00,73045.00,-186777.50
2024-02-29 14:27:06.118066,158,58,534,-310.61,-872.67,-171.65,-105472.50,10815.00,-119017.50
2024-02-29 14:27:06.128887,152,58,0,-297.80,-989.30,-256.69,-129710.00,-52132.50,-38430.00
2024-02-29 14:27:06.137525,146,58,520,-287.43,-1074.33,-319.76,-225750.00,-109025.00,32970.00
2024-02-29 14:27:06.146697,140,55,0,-277.18,-1107.39,-339.28,-378910.00,-142852.50,69982.50
2024-02-29 14:27:06.155446,134,60,484,-267.91,-1099.22,-315.25,-453180.00,-140997.50,67252.50
2024-02-29 14:27:06.165645,128,60,503,-264.13,-1071.04,-266.08,-383110.00,-110005.00,39515.00
2024-02-29 14:27:06.174032,122,60,480,-266.94,-1040.05,-212.28,-258265.00,-66920.00,4585.00
2024-02-29 14:27:06.183472,118,61,476,-269.86,-1018.09,-162.87,-111177.50,-22925.00,-26477.50
2024-02-29 14:27:06.191762,113,62,0,-268.89,-1011.62,-120.05,21787.50,17797.50,-46147.50
2024-02-29 14:27:06.202296,110,64,486,-263.15,-1017.97,-88.08,121415.00,54967.50,-53917.50
2024-02-29 14:27:06.210840,109,63,0,-257.05,-1028.58,-73.69,176872.50,77175.00,-54565.00
2024-02-29 14:27:06.217316,107,66,500,-253.15,-1040.66,-80.15,87202.50,75985.00,-48457.50
2024-02-29 14:27:06.227455,106,67,488,-248.76,-1062.86,-117.00,-41037.50,55387.50,-32585.00
2024-02-29 14:27:06.236755,106,69,471,-243.51,-1090.68,-189.22,-141785.00,15837.50,-5197.50
2024-02-29 14:27:06.244986,105,70,0,-240.34,-1102.15,-282.92,-254502.50,-38395.00,19757.50
2024-02-29 14:27:06.255569,105,71,484,-238.63,-1085.80,-382.84,-413805.00,-103652.50,25480.00
2024-02-29 14:27:06.264141,105,73,0,-233.02,-1046.27,-466.77,-547470.00,-169925.00,3850.00
2024-02-29 14:27:06.273386,106,75,455,-221.31,-992.35,-510.45,-573370.00,-212975.00,-41457.50
2024-02-29 14:27:06.282236,106,78,462,-206.06,-930.49,-503.62,-573370.00,-214497.50,-108307.50
2024-02-29 14:27:06.292267,108,80,480,-188.61,-879.50,-451.28,-573370.00,-165917.50,-176592.50
2024-02-29 14:27:06.300905,109,83,466,-171.41,-899.26,-360.39,-516512.50,-70297.50,-195072.50
2024-02-29 14:27:06.308651,110,86,466,-155.18,-958.55,-280.72,-337837.50,39305.00,-133682.50
2024-02-29 14:27:06.317917,111,88,489,-139.45,-980.51,-237.90,-243232.50,110880.00,-98787.50
2024-02-29 14:27:06.326261,112,90,478,-123.95,-971.73,-208.86,-55492.50,171587.50,-86765.00
2024-02-29 14:27:06.336727,114,94,474,-109.07,-937.08,-200.93,118545.00,213465.00,-93835.00
2024-02-29 14:27:06.344829,115,99,0,-99.55,-877.79,-225.58,145967.50,229722.50,-124512.50
2024-02-29 14:27:06.354542,116,98,482,-89.91,-811.42,-284.75,-9467.50,214357.50,-164062.50
2024-02-29 14:27:06.362592,116,100,506,-72.83,-752.01,-366.12,-184607.50,179987.50,-195790.00
2024-02-29 14:27:06.373257,116,103,477,-52.09,-696.13,-450.91,-275327.50,142467.50,-221952.50
2024-02-29 14:27:06.381729,117,105,0,-27.21,-644.77,-527.65,-328212.50,111072.50,-247240.00
2024-02-29 14:27:06.391166,115,106,0,1.71,-606.83,-588.16,-322175.00,89355.00,-265265.00
2024-02-29 14:27:06.398914,114,107,495,33.43,-588.41,-625.86,-297727.50,77822.50,-274732.50
2024-02-29 14:27:06.407947,112,108,482,59.29,-684.18,-760.55,-134907.50,41160.00,-244597.50
2024-02-29 14:27:06.415918,109,109,469,70.39,-769.45,-846.19,135257.50,-117792.50,-129832.50
2024-02-29 14:27:06.426770,108,109,536,84.55,-744.08,-772.87,268835.00,-82705.00,-132247.50
2024-02-29 14:27:06.434907,105,109,456,105.65,-742.61,-716.75,306145.00,-30310.00,-131197.50
2024-02-29 14:27:06.445669,105,110,453,123.22,-768.84,-693.45,264827.50,-6037.50,-101447.50
2024-02-29 14:27:06.453388,105,110,470,136.52,-801.66,-695.89,142905.00,-1872.50,-62317.50
2024-02-29 14:27:06.463302,105,113,501,142.37,-812.28,-703.45,58292.50,-6265.00,-21490.00
2024-02-29 14:27:06.470719,107,101,0,144.57,-793.61,-711.99,33442.50,-10062.50,-5722.50
2024-02-29 14:27:06.481982,110,117,466,145.67,-770.67,-724.31,30835.00,-19162.50,3605.00
2024-02-29 14:27:06.489361,112,119,476,144.45,-752.50,-738.10,-29925.00,-29190.00,21857.50
2024-02-29 14:27:06.500541,114,122,481,145.67,-734.93,-754.81,-75302.50,-42227.50,37555.00
2024-02-29 14:27:06.509178,116,124,494,150.67,-719.56,-764.21,-89512.50,-48090.00,37572.50
2024-02-29 14:27:06.513502,119,131,0,157.87,-708.70,-765.31,-101097.50,-47285.00,36890.00
2024-02-29 14:27:06.525388,122,132,485,167.87,-694.06,-759.21,-90230.00,-43382.50,32532.50
2024-02-29 14:27:06.535952,123,136,492,177.14,-679.78,-752.98,-85575.00,-39847.50,22400.00
2024-02-29 14:27:06.543619,124,140,471,185.93,-669.41,-755.67,-61460.00,-39777.50,12582.50
2024-02-29 14:27:06.554700,123,142,449,191.30,-659.53,-762.26,-51397.50,-44520.00,1872.50
2024-02-29 14:27:06.562116,122,145,453,191.42,-648.31,-769.70,-111527.50,-46847.50,-2485.00
2024-02-29 14:27:06.573262,120,143,0,189.83,-635.74,-777.87,-196507.50,-46900.00,-1067.50
2024-02-29 14:27:06.581849,117,149,466,186.78,-623.66,-786.53,-259542.50,-46777.50,3780.00
2024-02-29 14:27:06.588295,113,151,0,180.32,-611.22,-795.20,-340882.50,-43977.50,11515.00
2024-02-29 14:27:06.597587,109,154,0,174.70,-596.82,-800.56,-372365.00,-36837.50,17867.50
2024-02-29 14:27:06.605479,105,153,454,174.34,-576.57,-805.81,-323697.50,-28525.00,16030.00
2024-02-29 14:27:06.616210,102,154,500,176.41,-552.42,-816.30,-255027.50,-27055.00,5827.50
2024-02-29 14:27:06.624093,98,156,481,178.12,-525.21,-831.55,-158322.50,-30240.00,-6405.00
2024-02-29 14:27:06.634901,96,158,497,177.63,-497.27,-848.63,-78645.00,-35875.00,-17377.50
2024-02-29 14:27:06.642873,96,160,0,173.48,-472.51,-859.73,-38850.00,-36260.00,-22172.50
2024-02-29 14:27:06.652654,96,160,0,167.99,-455.18,-865.59,-60042.50,-29942.50,-19530.00
2024-02-29 14:27:06.660434,98,166,0,163.36,-441.64,-873.52,-91577.50,-27335.00,-11340.00
2024-02-29 14:27:06.671303,101,171,467,159.21,-423.22,-883.77,-91822.50,-29820.00,-5950.00
2024-02-29 14:27:06.679038,105,174,476,152.13,-400.16,-900.48,-73937.50,-36610.00,-2397.50
2024-02-29 14:27:06.689876,110,179,461,145.30,-380.64,-912.44,-60637.50,-44625.00,2432.50
2024-02-29 14:27:06.697508,115,184,0,141.03,-364.05,-920.12,-155715.00,-43960.00,10815.00
2024-02-29 14:27:06.707608,118,187,462,137.37,-347.09,-928.30,-280647.50,-43732.50,14315.00
2024-02-29 14:27:06.715390,122,181,0,136.03,-328.18,-930.86,-319410.00,-38535.00,11270.00
2024-02-29 14:27:06.725350,124,188,0,134.44,-301.46,-937.69,-286125.00,-35525.00,490.00
2024-02-29 14:27:06.732887,124,202,478,125.17,-276.45,-945.26,-121782.50,-40722.50,-17045.00
2024-02-29 14:27:06.743899,124,206,0,113.58,-261.69,-941.11,229442.50,-44450.00,-33110.00
2024-02-29 14:27:06.751915,124,195,0,109.56,-241.80,-932.69,440562.50,-36400.00,-39287.50
2024-02-29 14:27:06.762691,123,211,478,108.58,-209.84,-932.57,410882.50,-31640.00,-47477.50
2024-02-29 14:27:06.771388,121,213,0,100.89,-191.66,-942.21,405142.50,-36872.50,-54915.00
2024-02-29 14:27:06.777677,119,215,487,89.43,-193.98,-952.33,428277.50,-47827.50,-43925.00
2024-02-29 14:27:06.788097,118,216,0,84.91,-202.76,-959.65,331170.00,-50225.00,-21665.00
2024-02-29 14:27:06.795425,119,220,466,86.13,-216.92,-961.97,195737.50,-52482.50,3132.50
2024-02-29 14:27:06.806615,121,223,479,88.82,-231.68,-961.73,53742.50,-50557.50,24815.00
2024-02-29 14:27:06.813866,124,227,472,88.08,-240.58,-962.34,-62457.50,-53042.50,36155.00
2024-02-29 14:27:06.825168,129,231,0,82.11,-243.51,-960.75,-12442.50,-52447.50,33897.50
2024-02-29 14:27:06.832493,134,235,454,74.18,-244.73,-961.36,83562.50,-49980.00,29627.50
2024-02-29 14:27:06.843797,139,239,498,65.64,-247.66,-959.41,131355.00,-42227.50,29295.00
2024-02-29 14:27:06.850915,145,244,474,57.71,-249.73,-950.99,69597.50,-26827.50,28542.50
2024-02-29 14:27:06.861364,150,251,0,48.80,-253.03,-942.33,-74655.00,1645.00,21455.00
2024-02-29 14:27:06.868301,152,250,482,38.80,-256.32,-943.18,-118002.50,7997.50,25480.00
2024-02-29 14:27:06.877878,153,253,0,28.79,-252.54,-947.70,-233800.00,2922.50,24710.00
2024-02-29 14:27:06.884920,153,257,0,22.33,-249.61,-952.09,-384772.50,507.50,14297.50
2024-02-29 14:27:06.895652,151,259,486,19.52,-245.46,-957.70,-333410.00,-4795.00,4655.00
2024-02-29 14:27:06.907384,147,260,524,17.81,-237.66,-957.70,-197330.00,-3990.00,-4025.00
2024-02-29 14:27:06.915950,142,259,491,16.10,-231.68,-956.24,-15487.50,-192.50,-4987.50
2024-02-29 14:27:06.921171,137,260,488,12.93,-225.21,-958.43,142922.50,1015.00,-5687.50
2024-02-29 14:27:06.931095,133,259,0,9.03,-218.99,-960.26,205992.50,1050.00,-6615.00
2024-02-29 14:27:06.943022,130,259,485,3.90,-216.18,-962.46,133437.50,1487.50,-5372.50
2024-02-29 14:27:06.949342,126,258,488,-1.10,-216.43,-965.75,15330.00,122.50,-1312.50
2024-02-29 14:27:06.961159,124,256,0,-4.51,-215.82,-967.83,-60217.50,-875.00,-1172.50
2024-02-29 14:27:06.967941,123,256,481,-7.93,-213.62,-969.53,-59850.00,-875.00,-1330.00
2024-02-29 14:27:06.979382,122,257,471,-10.74,-211.67,-970.63,-24640.00,-875.00,-1015.00
2024-02-29 14:27:06.985853,122,257,0,-13.05,-210.08,-971.49,16065.00,157.50,-87.50
2024-02-29 14:27:06.996717,122,256,470,-15.49,-208.01,-972.83,34335.00,52.50,35.00
2024-02-29 14:27:07.002487,122,271,0,-17.93,-206.55,-973.80,17115.00,122.50,140.00
2024-02-29 14:27:07.014608,123,267,0,-20.25,-204.84,-975.15,-11970.00,-210.00,-437.50
2024-02-29 14:27:07.021354,123,255,0,-22.45,-203.25,-976.12,-14525.00,-332.50,-507.50
2024-02-29 14:27:07.032775,122,254,478,-24.40,-201.79,-976.98,997.50,-140.00,-280.00
2024-02-29 14:27:07.038865,121,252,480,-26.35,-200.45,-977.83,9397.50,-52.50,-175.00
2024-02-29 14:27:07.048501,120,252,480,-28.06,-199.23,-978.68,2730.00,-210.00,-297.50
2024-02-29 14:27:07.060521,118,249,0,-29.65,-198.01,-979.54,-4952.50,-175.00,-420.00
2024-02-29 14:27:07.067115,116,246,499,-31.23,-196.91,-980.39,-3115.00,-122.50,-385.00
2024-02-29 14:27:07.077590,113,245,495,-32.57,-195.93,-981.12,2432.50,-122.50,-280.00
2024-02-29 14:27:07.081925,111,243,539,-33.92,-194.96,-981.61,2730.00,-157.50,-332.50
2024-02-29 14:27:07.094702,109,240,520,-35.14,-194.22,-982.10,-822.50,-157.50,-385.00
2024-02-29 14:27:07.101074,106,237,501,-36.36,-193.25,-982.59,-1627.50,-140.00,-385.00
2024-02-29 14:27:07.112806,105,235,555,-37.33,-192.52,-983.08,630.00,-227.50,-332.50
2024-02-29 14:27:07.119089,104,232,0,-38.43,-191.78,-983.56,1452.50,-140.00,-350.00
2024-02-29 14:27:07.129420,103,231,0,-39.41,-191.05,-984.05,262.50,-105.00,-367.50
2024-02-29 14:27:07.141609,103,228,515,-40.38,-190.44,-984.54,-542.50,-122.50,-385.00
2024-02-29 14:27:07.147657,103,243,0,-41.24,-189.83,-984.91,70.00,-227.50,-420.00
2024-02-29 14:27:07.158457,103,227,505,-42.09,-189.34,-985.27,700.00,-210.00,-315.00
2024-02-29 14:27:07.164537,104,223,0,-42.82,-188.86,-985.76,420.00,-192.50,-402.50
2024-02-29 14:27:07.176431,105,225,492,-43.55,-188.25,-986.00,-280.00,-227.50,-332.50
2024-02-29 14:27:07.180837,106,224,498,-44.16,-187.76,-986.37,-315.00,-245.00,-315.00
2024-02-29 14:27:07.194472,107,224,0,-44.90,-187.15,-986.74,385.00,-227.50,-385.00
2024-02-29 14:27:07.200463,108,196,0,-45.38,-186.66,-986.98,472.50,-175.00,-385.00
2024-02-29 14:27:07.211148,108,205,0,-45.87,-186.17,-987.22,192.50,-157.50,-385.00
2024-02-29 14:27:07.223304,109,221,570,-46.36,-185.68,-987.59,87.50,-122.50,-350.00
2024-02-29 14:27:07.229301,109,220,553,-46.85,-185.32,-987.96,332.50,-157.50,-297.50
2024-02-29 14:27:07.240192,110,219,519,-47.34,-184.95,-988.08,420.00,-227.50,-350.00
2024-02-29 14:27:07.246248,111,216,0,-47.70,-184.71,-988.32,402.50,-262.50,-297.50
2024-02-29 14:27:07.258235,110,219,506,-48.19,-184.34,-988.44,315.00,-140.00,-315.00
2024-02-29 14:27:07.264299,110,218,0,-48.56,-183.98,-988.57,280.00,-175.00,-350.00
2024-02-29 14:27:07.274718,110,164,0,-48.92,-183.73,-988.69,297.50,-210.00,-367.50
2024-02-29 14:27:07.286826,-46,225,0,-49.29,-183.37,-988.93,542.50,-210.00,-385.00
2024-02-29 14:27:07.292877,-46,306,0,-49.53,-183.24,-989.18,472.50,-192.50,-332.50
2024-02-29 14:27:07.303845,-46,221,0,-49.78,-183.12,-989.18,227.50,-262.50,-420.00
2024-02-29 14:27:07.309915,-46,226,0,-50.02,-183.00,-989.30,192.50,-245.00,-332.50
2024-02-29 14:27:07.321859,-46,167,0,-50.26,-182.88,-989.30,350.00,-262.50,-315.00
2024-02-29 14:27:07.327804,-46,200,0,-50.51,-182.63,-989.42,472.50,-175.00,-367.50
2024-02-29 14:27:07.338739,-46,260,0,-50.63,-182.51,-989.42,402.50,-192.50,-332.50
2024-02-29 14:27:07.344826,-46,220,0,-50.87,-182.39,-989.66,262.50,-175.00,-280.00
2024-02-29 14:27:07.356755,-46,219,0,-51.00,-182.15,-989.79,52.50,-192.50,-350.00
2024-02-29 14:27:07.362623,-46,220,0,-51.12,-181.90,-989.91,245.00,-227.50,-350.00
2024-02-29 14:27:07.374606,-46,221,0,-51.24,-181.78,-990.03,560.00,-210.00,-297.50
2024-02-29 14:27:07.380697,-46,221,0,-51.36,-181.54,-990.27,402.50,-122.50,-332.50
2024-02-29 14:27:07.389783,-46,218,0,-51.61,-181.54,-990.27,0.00,-70.00,-332.50
2024-02-29 14:27:07.400728,-46,220,0,-51.73,-181.29,-990.40,210.00,-157.50,-280.00
2024-02-29 14:27:07.412991,-46,167,0,-51.97,-181.17,-990.52,542.50,-192.50,-227.50
2024-02-29 14:27:07.418898,-46,219,0,-52.22,-181.05,-990.64,560.00,-210.00,-262.50
2024-02-29 14:27:07.429925,-46,221,0,-52.34,-180.93,-990.76,280.00,-297.50,-350.00
2024-02-29 14:27:07.435972,-46,221,0,-52.46,-180.93,-990.76,-70.00,-210.00,-350.00
2024-02-29 14:27:07.447839,-46,220,0,-52.58,-180.80,-990.76,70.00,-122.50,-315.00
2024-02-29 14:27:07.453693,-46,224,0,-52.70,-180.56,-990.88,455.00,-192.50,-297.50
2024-02-29 14:27:07.464368,-46,221,0,-52.70,-180.56,-990.88,682.50,-157.50,-280.00
2024-02-29 14:27:07.475397,-46,220,0,-52.70,-180.44,-990.88,455.00,-210.00,-315.00
2024-02-29 14:27:07.481366,-46,221,0,-52.83,-180.32,-991.01,70.00,-245.00,-332.50
2024-02-29 14:27:07.492323,-46,245,0,-52.83,-180.19,-990.88,210.00,-175.00,-262.50
2024-02-29 14:27:07.498492,-46,221,0,-52.83,-180.19,-991.13,840.00,-122.50,-315.00
2024-02-29 14:27:07.510389,-46,142,0,-52.83,-180.07,-991.13,560.00,-122.50,-350.00
2024-02-29 14:27:07.516409,-46,225,0,-52.95,-180.07,-991.13,210.00,-175.00,-280.00
2024-02-29 14:27:07.528452,-46,221,0,-52.95,-180.07,-991.25,105.00,-87.50,-332.50
2024-02-29 14:27:07.534211,-46,220,0,-52.95,-180.07,-991.25,455.00,-52.50,-367.50
2024-02-29 14:27:07.545112,-46,138,0,-52.95,-179.95,-991.25,490.00,-105.00,-297.50
2024-02-29 14:27:07.557007,-46,219,0,-53.07,-179.83,-991.25,367.50,-245.00,-350.00
2024-02-29 14:27:07.563004,-46,272,0,-53.19,-179.83,-991.25,332.50,-140.00,-262.50
2024-02-29 14:27:07.574073,-46,221,0,-53.19,-179.71,-991.37,157.50,-227.50,-315.00
2024-02-29 14:27:07.580066,-46,138,0,-53.19,-179.71,-991.37,280.00,-157.50,-315.00
2024-02-29 14:27:07.592030,150,208,673,-53.19,-179.58,-991.37,455.00,-157.50,-332.50
2024-02-29 14:27:07.597999,151,208,551,-53.31,-179.58,-991.37,350.00,-192.50,-367.50
2024-02-29 14:27:07.608717,152,206,617,-53.44,-179.46,-991.49,140.00,-157.50,-350.00
2024-02-29 14:27:07.620725,153,219,0,-53.44,-179.34,-991.37,52.50,-192.50,-315.00
2024-02-29 14:27:07.626680,154,202,0,-53.44,-179.22,-991.49,507.50,-175.00,-332.50
2024-02-29 14:27:07.637694,152,206,568,-53.44,-179.10,-991.62,595.00,-122.50,-385.00
2024-02-29 14:27:07.643733,151,206,0,-53.44,-179.10,-991.62,542.50,-192.50,-297.50
2024-02-29 14:27:07.655618,150,205,496,-53.44,-179.10,-991.74,332.50,-227.50,-350.00
2024-02-29 14:27:07.661681,148,206,529,-53.56,-179.10,-991.62,227.50,-157.50,-245.00
2024-02-29 14:27:07.672194,146,206,534,-53.68,-178.97,-991.62,262.50,-70.00,-280.00
2024-02-29 14:27:07.684331,143,207,495,-53.68,-178.97,-991.62,665.00,-140.00,-332.50
2024-02-29 14:27:07.690333,139,208,547,-53.68,-178.97,-991.74,507.50,-105.00,-315.00
2024-02-29 14:27:07.701303,78,222,0,-53.68,-178.85,-991.62,-52.50,-87.50,-315.00
2024-02-29 14:27:07.707197,-46,233,0,-53.68,-178.85,-991.62,105.00,-227.50,-385.00
2024-02-29 14:27:07.719168,-46,224,0,-53.68,-178.85,-991.62,735.00,-210.00,-367.50
2024-02-29 14:27:07.725032,-46,226,0,-53.68,-178.85,-991.74,822.50,-140.00,-332.50
2024-02-29 14:27:07.736148,-46,225,0,-53.80,-178.85,-991.62,105.00,-105.00,-385.00
2024-02-29 14:27:07.742363,-46,225,0,-53.80,-178.85,-991.62,-192.50,-175.00,-367.50
2024-02-29 14:27:07.753769,-46,224,0,-53.92,-178.73,-991.62,385.00,-122.50,-262.50
2024-02-29 14:27:07.765830,-46,224,0,-53.92,-178.61,-991.62,647.50,-140.00,-297.50
2024-02-29 14:27:07.771906,-46,230,0,-53.80,-178.61,-991.62,350.00,-192.50,-350.00
2024-02-29 14:27:07.783896,-46,224,0,-53.92,-178.61,-991.62,175.00,-175.00,-332.50
2024-02-29 14:27:07.790000,-46,167,0,-53.92,-178.49,-991.49,245.00,-105.00,-280.00
2024-02-29 14:27:07.801873,-46,200,0,-54.05,-178.49,-991.49,385.00,-87.50,-350.00
2024-02-29 14:27:07.807660,-46,223,0,-53.92,-178.36,-991.49,647.50,-140.00,-315.00
2024-02-29 14:27:07.817736,-46,218,0,-53.92,-178.36,-991.49,612.50,-210.00,-385.00
2024-02-29 14:27:07.823779,-46,222,0,-53.92,-178.36,-991.49,262.50,-192.50,-280.00
2024-02-29 14:27:07.835762,19,188,695,-54.05,-178.36,-991.37,105.00,-210.00,-315.00
2024-02-29 14:27:07.841841,14,184,614,-54.05,-178.24,-991.37,455.00,-140.00,-315.00
2024-02-29 14:27:07.852329,13,181,582,-53.92,-178.36,-991.37,752.50,-192.50,-402.50
2024-02-29 14:27:07.864437,11,179,549,-54.05,-178.36,-991.49,455.00,-192.50,-332.50
2024-02-29 14:27:07.870505,11,176,554,-54.05,-178.36,-991.49,105.00,-122.50,-332.50
2024-02-29 14:27:07.881339,12,175,508,-54.05,-178.36,-991.37,280.00,-122.50,-367.50
2024-02-29 14:27:07.887425,14,174,526,-53.92,-178.36,-991.37,525.00,-210.00,-420.00
2024-02-29 14:27:07.899387,18,174,499,-53.92,-178.36,-991.37,647.50,-192.50,-367.50
2024-02-29 14:27:07.905377,21,174,521,-53.92,-178.36,-991.49,542.50,-175.00,-350.00
2024-02-29 14:27:07.916010,27,176,520,-53.80,-178.36,-991.49,210.00,-210.00,-367.50
2024-02-29 14:27:07.928030,35,179,0,-53.80,-178.24,-991.37,35.00,-192.50,-385.00
2024-02-29 14:27:07.934027,43,184,533,-53.68,-178.24,-991.49,437.50,-140.00,-280.00
2024-02-29 14:27:07.943989,49,188,476,-53.68,-178.36,-991.62,700.00,-175.00,-332.50
2024-02-29 14:27:07.950006,58,191,0,-53.68,-178.24,-991.62,297.50,-210.00,-367.50
2024-02-29 14:27:07.961458,65,198,475,-53.80,-178.24,-991.62,70.00,-157.50,-297.50
2024-02-29 14:27:07.972640,71,205,474,-53.80,-178.12,-991.62,350.00,-157.50,-315.00
2024-02-29 14:27:07.978717,76,209,487,-53.92,-178.12,-991.62,665.00,-122.50,-262.50
2024-02-29 14:27:07.989622,81,215,533,-53.92,-178.12,-991.74,752.50,-122.50,-280.00
2024-02-29 14:27:07.995684,85,220,481,-53.92,-178.12,-991.74,245.00,-157.50,-315.00
2024-02-29 14:27:08.007600,89,227,484,-53.92,-178.12,-991.62,70.00,-262.50,-350.00
2024-02-29 14:27:08.013575,92,233,483,-54.05,-178.00,-991.62,490.00,-245.00,-402.50
2024-02-29 14:27:08.025531,94,239,507,-54.05,-178.00,-991.62,700.00,-227.50,-350.00
2024-02-29 14:27:08.031650,95,243,508,-54.05,-178.00,-991.62,507.50,-175.00,-350.00
2024-02-29 14:27:08.043485,96,248,491,-53.92,-178.00,-991.74,175.00,-105.00,-350.00
2024-02-29 14:27:08.049498,97,254,477,-53.92,-178.00,-991.86,245.00,-140.00,-332.50
2024-02-29 14:27:08.059993,98,259,0,-53.92,-178.00,-991.86,402.50,-245.00,-315.00
2024-02-29 14:27:08.072182,99,264,479,-53.80,-177.88,-991.86,577.50,-210.00,-385.00
2024-02-29 14:27:08.078200,100,270,493,-53.80,-178.00,-991.86,682.50,-192.50,-402.50
2024-02-29 14:27:08.089171,103,275,487,-53.80,-178.00,-991.86,262.50,-140.00,-402.50
2024-02-29 14:27:08.095134,105,279,486,-53.80,-178.00,-991.74,280.00,-192.50,-367.50
2024-02-29 14:27:08.107127,108,284,0,-53.80,-177.88,-991.86,630.00,-210.00,-350.00
2024-02-29 14:27:08.113245,111,290,507,-53.80,-178.00,-991.74,577.50,-262.50,-280.00
2024-02-29 14:27:08.123770,114,294,530,-53.80,-178.00,-991.74,455.00,-192.50,-350.00
2024-02-29 14:27:08.135808,118,312,0,-53.92,-178.00,-991.74,332.50,-140.00,-332.50
2024-02-29 14:27:08.141888,121,304,0,-53.92,-178.00,-991.74,210.00,-175.00,-350.00
2024-02-29 14:27:08.152666,125,308,604,-53.92,-177.88,-991.62,192.50,-157.50,-315.00
2024-02-29 14:27:08.158772,124,223,0,-54.05,-177.88,-991.62,630.00,-140.00,-332.50
2024-02-29 14:27:08.170736,-46,230,0,-53.92,-177.88,-991.74,402.50,-210.00,-297.50
2024-02-29 14:27:08.176716,-46,224,0,-54.05,-177.75,-991.62,70.00,-157.50,-332.50
2024-02-29 14:27:08.187438,-46,218,0,-54.05,-177.63,-991.74,175.00,-122.50,-332.50
2024-02-29 14:27:08.199425,-46,142,0,-54.05,-177.63,-991.86,770.00,-157.50,-297.50
2024-02-29 14:27:08.205325,-46,222,0,-54.05,-177.63,-991.86,700.00,-192.50,-280.00
2024-02-29 14:27:08.216344,-46,221,0,-54.05,-177.63,-991.86,262.50,-227.50,-297.50
2024-02-29 14:27:08.222439,-46,216,0,-53.92,-177.51,-991.98,245.00,-245.00,-280.00
2024-02-29 14:27:08.234359,-46,220,0,-53.92,-177.51,-991.86,507.50,-175.00,-280.00
2024-02-29 14:27:08.240330,-46,150,0,-53.92,-177.51,-991.86,752.50,-122.50,-245.00
2024-02-29 14:27:08.252323,-46,222,0,-53.80,-177.63,-991.98,752.50,-122.50,-315.00
2024-02-29 14:27:08.258421,-46,221,0,-53.80,-177.63,-991.98,350.00,-122.50,-332.50
2024-02-29 14:27:08.269345,-46,221,0,-53.68,-177.63,-991.86,87.50,-157.50,-315.00
2024-02-29 14:27:08.275144,-46,220,0,-53.68,-177.63,-991.86,490.00,-140.00,-315.00
2024-02-29 14:27:08.285863,-46,139,0,-53.68,-177.75,-991.86,857.50,-157.50,-350.00
2024-02-29 14:27:08.296975,-46,221,0,-53.68,-177.88,-991.86,332.50,-175.00,-315.00
2024-02-29 14:27:08.302962,-46,246,0,-53.68,-177.88,-991.86,-35.00,-192.50,-350.00
2024-02-29 14:27:08.314930,-46,220,0,-53.92,-177.75,-991.74,175.00,-175.00,-315.00
2024-02-29 14:27:08.320900,-46,222,0,-53.92,-177.63,-991.74,402.50,-175.00,-350.00
2024-02-29 14:27:08.330546,-46,233,0,-53.92,-177.63,-991.74,560.00,-140.00,-350.00
2024-02-29 14:27:08.342608,-46,214,0,-53.92,-177.51,-991.86,402.50,-227.50,-332.50
2024-02-29 14:27:08.348683,-46,221,0,-53.92,-177.51,-991.74,157.50,-210.00,-350.00
2024-02-29 14:27:08.359514,-46,221,0,-54.05,-177.51,-991.74,210.00,-157.50,-332.50
2024-02-29 14:27:08.365642,-46,296,0,-54.05,-177.39,-991.74,560.00,-157.50,-332.50
2024-02-29 14:27:08.377146,-46,129,0,-54.05,-177.39,-991.62,630.00,-210.00,-315.00
2024-02-29 14:27:08.388239,-46,302,0,-54.05,-177.27,-991.74,367.50,-210.00,-385.00
2024-02-29 14:27:08.394258,-46,296,0,-54.05,-177.27,-991.74,210.00,-245.00,-332.50
2024-02-29 14:27:08.406218,-46,302,0,-54.17,-177.14,-991.74,420.00,-140.00,-367.50
2024-02-29 14:27:08.412320,-46,220,0,-54.17,-177.14,-991.62,787.50,-227.50,-350.00
2024-02-29 14:27:08.423196,-46,163,0,-54.17,-177.27,-991.74,945.00,-175.00,-297.50
2024-02-29 14:27:08.429246,-46,218,0,-54.05,-177.14,-991.74,490.00,-262.50,-315.00
2024-02-29 14:27:08.441218,-46,139,0,-53.92,-177.27,-991.62,245.00,-210.00,-350.00
2024-02-29 14:27:08.447232,-46,220,0,-53.92,-177.27,-991.74,525.00,-70.00,-332.50
2024-02-29 14:27:08.457799,-46,218,0,-53.92,-177.27,-991.62,822.50,-175.00,-332.50
2024-02-29 14:27:08.469898,-46,133,0,-53.92,-177.39,-991.74,630.00,-175.00,-350.00
2024-02-29 14:27:08.475873,-46,220,0,-53.92,-177.39,-991.74,210.00,-227.50,-367.50
2024-02-29 14:27:08.487892,-46,221,0,-53.80,-177.39,-991.62,175.00,-245.00,-297.50
2024-02-29 14:27:08.493942,-46,206,0,-53.80,-177.39,-991.62,210.00,-245.00,-297.50
2024-02-29 14:27:08.504878,-46,221,0,-53.68,-177.39,-991.62,630.00,-227.50,-385.00
2024-02-29 14:27:08.510859,-46,216,0,-53.68,-177.39,-991.62,595.00,-157.50,-315.00
2024-02-29 14:27:08.522861,-46,220,0,-53.68,-177.27,-991.62,140.00,-245.00,-297.50
2024-02-29 14:27:08.528951,-46,292,0,-53.68,-177.27,-991.37,245.00,-157.50,-350.00
2024-02-29 14:27:08.539535,-46,222,0,-53.80,-177.14,-991.62,787.50,-227.50,-350.00
2024-02-29 14:27:08.551557,-46,202,0,-53.80,-177.14,-991.62,682.50,-175.00,-332.50
2024-02-29 14:27:08.557667,-46,221,0,-53.92,-177.14,-991.62,245.00,-140.00,-385.00
2024-02-29 14:27:08.568514,-46,222,0,-54.05,-177.02,-991.62,350.00,-192.50,-332.50
2024-02-29 14:27:08.574512,-46,129,0,-54.05,-176.90,-991.62,455.00,-140.00,-350.00
2024-02-29 14:27:08.585446,-46,220,0,-54.05,-176.90,-991.62,315.00,-140.00,-297.50
2024-02-29 14:27:08.591580,-46,220,0,-54.17,-176.78,-991.62,700.00,-227.50,-367.50
2024-02-29 14:27:08.602077,-46,240,0,-54.17,-176.66,-991.86,700.00,-315.00,-332.50
2024-02-29 14:27:08.614153,-46,221,0,-54.17,-176.66,-991.74,245.00,-297.50,-350.00
2024-02-29 14:27:08.620215,-46,149,0,-54.17,-176.66,-991.74,525.00,-262.50,-332.50
2024-02-29 14:27:08.631104,-46,229,0,-54.17,-176.66,-991.86,1067.50,-262.50,-315.00
2024-02-29 14:27:08.637248,-46,150,0,-54.17,-176.78,-991.86,770.00,-192.50,-315.00
2024-02-29 14:27:08.647759,-46,222,0,-54.05,-176.90,-991.74,175.00,-192.50,-315.00
2024-02-29 14:27:08.659885,-46,221,0,-53.92,-177.02,-991.74,297.50,-157.50,-315.00
2024-02-29 14:27:08.665753,-46,140,0,-53.92,-177.02,-991.74,560.00,-52.50,-245.00
2024-02-29 14:27:08.676805,-46,218,0,-53.80,-177.14,-991.86,560.00,-192.50,-350.00
2024-02-29 14:27:08.682850,-46,223,0,-53.68,-177.14,-991.86,227.50,-227.50,-332.50
2024-02-29 14:27:08.694842,-46,228,0,-53.68,-177.14,-991.86,210.00,-227.50,-385.00
2024-02-29 14:27:08.700918,-46,221,0,-53.68,-177.27,-991.74,350.00,-192.50,-315.00
2024-02-29 14:27:08.711501,-46,135,0,-53.68,-177.14,-991.74,560.00,-140.00,-262.50
2024-02-29 14:27:08.723579,-46,145,0,-53.80,-177.14,-991.86,665.00,-210.00,-315.00
2024-02-29 14:27:08.729654,-46,221,0,-53.80,-177.14,-991.86,297.50,-192.50,-315.00
2024-02-29 14:27:08.740540,046,253,0,-53.80,-177.14,-991.86,0.00,-227.50,-315.00
2024-02-29 14:27:08.746342,-46,218,0,-53.92,-177.02,-991.74,175.00,-227.50,-297.50
2024-02-29 14:27:08.757311,-46,229,0,-53.92,-176.90,-991.74,630.00,-157.50,-297.50
2024-02-29 14:27:08.763372,-46,220,0,-54.05,-176.90,-991.86,752.50,-157.50,-262.50
2024-02-29 14:27:08.773923,-46,0,-54.05,-176.78,-991.86,332.50,-140.00,-350.00
2024-02-29 14:27:08.786029,-46,139,0,-54.05,-176.66,-991.86,140.00,-227.50,-402.50
2024-02-29 14:27:08.792053,-46,220,0,-54.05,-176.66,-991.86,490.00,-192.50,-332.50
2024-02-29 14:27:08.803000,-46,221,0,-53.92,-176.53,-991.74,857.50,-140.00,-245.00
2024-02-29 14:27:08.809129,-46,220,0,-53.92,-176.53,-991.74,717.50,-227.50,-315.00
2024-02-29 14:27:08.820977,-46,227,0,-53.92,-176.66,-991.74,420.00,-175.00,-367.50
2024-02-29 14:27:08.827035,-46,218,0,-53.92,-176.66,-991.62,227.50,-227.50,-315.00
2024-02-29 14:27:08.837578,-46,139,0,-53.92,-176.66,-991.62,647.50,-192.50,-262.50
2024-02-29 14:27:08.849709,-46,253,0,-53.92,-176.66,-991.74,805.00,-52.50,-297.50
2024-02-29 14:27:08.855555,-46,218,0,-53.92,-176.78,-991.86,525.00,-157.50,-280.00
2024-02-29 14:27:08.866684,-46,229,0,-53.92,-176.78,-991.74,315.00,-105.00,-332.50
2024-02-29 14:27:08.872683,-46,220,0,-53.92,-176.78,-991.74,262.50,-227.50,-280.00
2024-02-29 14:27:08.883702,-46,220-46,139,0,-53.92,-176.90,-991.74,332.50,-227.50,-332.50
2024-02-29 14:27:08.889718,-46,220,0,-53.92,-176.78,-991.74,525.00,-157.50,-332.50
2024-02-29 14:27:08.901378,-46,221,0,-53.92,-176.78,-991.86,420.00,-262.50,-297.50
2024-02-29 14:27:08.913352,-46,220,0,-53.92,-176.78,-991.86,17.50,-175.00,-402.50
2024-02-29 14:27:08.919060,-46,227,0,-53.92,-176.66,-991.86,0.00,-175.00,-332.50
2024-02-29 14:27:08.930165,-46,218,0,-53.92,-176.66,-991.74,560.00,-192.50,-350.00
2024-02-29 14:27:08.936275,-46,139,0,-53.92,-176.53,-991.62,892.50,-192.50,-262.50
2024-02-29 14:27:08.948210,-46,253,0,-53.92,-176.41,-991.62,630.00,-140.00,-315.00
2024-02-29 14:27:08.954184,-46,218,0,-53.92,-176.41,-991.62,297.50,-157.50,-280.00
2024-02-29 14:27:08.966155,-46,229,0,-54.05,-176.53,-991.62,542.50,-175.00,-315.00
2024-02-29 14:27:08.972278,-46,220,0,-53.92,-176.66,-991.74,927.50,-227.50,-350.00
2024-02-29 14:27:08.983117,-46,220,"0",139,0,-53.92,-176.66,-991.86,630.00,-105.00,-315.00
2024-02-29 14:27:08.989202,-46,220,0,-53.92,-176.53,-991.86,280.00,-140.00,-297.50
2024-02-29 14:27:09.000574,-46,221,0,-54.05,-176.41,-991.98,87.50,-175.00,-280.00
2024-02-29 14:27:09.010827,-46,220,0,-53.92,-176.29,-991.86,52.50,-210.00,-385.00
2024-02-29 14:27:09.016656,-46,227,0,-53.92,-176.29,-991.98,752.50,-122.50,-350.00
2024-02-29 14:27:09.028720,-46,218,0,-53.92,-176.29,-992.10,927.50,-175.00,-262.50
2024-02-29 14:27:09.034744,-46,139,0,-53.92,-176.29,-991.98,420.00,-157.50,-280.00
2024-02-29 14:27:09.045301,-46,253,0,-53.92,-176.41,-991.86,350.00,-227.50,-297.50
2024-02-29 14:27:09.056388,-46,218,0,-54.05,-176.41,-991.86,735.00,-192.50,-280.00
2024-02-29 14:27:09.062420,-46,229,0,-54.05,-176.53,-991.62,805.00,-157.50,-245.00
2024-02-29 14:27:09.073331,-46,220,0,-54.05,-176.66,-991.74,507.50,-245.00,-315.00
2024-02-29 14:27:09.079472,-46,220,0,-54.05,-176.66,-991.86,472.50,-192.50,-280.00
2024-02-29 14:27:09.091015,-46,220,0,-53.92,-176.66,-991.86,-70.00,-157.50,-332.50
2024-02-29 14:27:09.102052,-46,218,0,-53.80,-176.78,-991.74,227.50,-280.00,-350.00
2024-02-29 14:27:09.108115,-46,220,0,-53.80,-176.78,-991.98,1032.50,-157.50,-297.50
2024-02-29 14:27:09.120029,-46,256,0,-53.80,-176.78,-991.98,455.00,-122.50,-315.00
2024-02-29 14:27:09.126195,-46,216,0,-53.80,-176.66,-991.74,-245.00,-140.00,-297.50
2024-02-29 14:27:09.136983,-46,222,0,-53.80,-176.66,-991.74,140.00,-192.50,-297.50
2024-02-29 14:27:09.143115,-46,216,0,-53.92,-176.53,-991.74,1067.50,-140.00,-315.00
2024-02-29 14:27:09.155013,-46,220,0,-53.92,-176.53,-991.74,612.50,-175.00,-297.50
2024-02-29 14:27:09.161012,-46,220,0,-53.92,-176.41,-991.74,-17.50,-175.00,-297.50
2024-02-29 14:27:09.172960,-46,302,0,-53.92,-176.41,-991.98,140.00,-175.00,-262.50
2024-02-29 14:27:09.178931,-46,217,0,-53.92,-176.17,-991.86,297.50,-280.00,-315.00
2024-02-29 14:27:09.189665,-46,140,0,-53.92,-176.17,-991.86,717.50,-157.50,-297.50
2024-02-29 14:27:09.201679,-46,249,0,-53.92,-176.17,-991.98,927.50,-157.50,-297.50
2024-02-29 14:27:09.207781,-46,219,0,-53.80,-176.05,-991.98,507.50,-227.50,-332.50
2024-02-29 14:27:09.218681,-46,140,0,-53.80,-176.17,-991.86,175.00,-157.50,-280.00
2024-02-29 14:27:09.224661,-46,147,0,-53.92,-176.17,-991.98,717.50,-210.00,-367.50
2024-02-29 14:27:09.236633,-46,222,0,-53.92,-176.29,-991.98,1050.00,-227.50,-332.50
2024-02-29 14:27:09.242770,-46,252,0,-54.05,-176.41,-992.10,437.50,-262.50,-332.50
2024-02-29 14:27:09.253123,-46,217,0,-54.05,-176.41,-992.10,87.50,-192.50,-297.50
2024-02-29 14:27:09.265304,-46,221,0,-54.05,-176.41,-992.10,140.00,-140.00,-280.00
2024-02-29 14:27:09.271412,-46,219,0,-53.92,-176.29,-992.10,280.00,-175.00,-297.50
2024-02-29 14:27:09.282249,-46,164,0,-53.92,-176.29,-992.10,735.00,-122.50,-297.50
2024-02-29 14:27:09.288323,-46,274,0,-53.92,-176.29,-992.10,735.00,-157.50,-262.50
2024-02-29 14:27:09.300299,-46,221,0,-53.92,-176.29,-992.10,297.50,-245.00,-367.50
2024-02-29 14:27:09.306296,-46,216,0,-53.92,-176.29,-992.10,297.50,-192.50,-315.00
2024-02-29 14:27:09.317009,-46,220,0,-53.92,-176.29,-991.98,752.50,-210.00,-280.00
2024-02-29 14:27:09.329032,-46,218,0,-53.92,-176.17,-991.98,892.50,-192.50,-262.50
2024-02-29 14:27:09.335017,-46,221,0,-53.92,-176.17,-991.98,420.00,-245.00,-297.50
2024-02-29 14:27:09.345950,-46,163,0,-53.92,-176.17,-991.98,87.50,-140.00,-367.50
2024-02-29 14:27:09.351885,-46,230,0,-53.92,-176.05,-991.98,140.00,-122.50,-262.50
2024-02-29 14:27:09.363920,-46,218,0,-53.92,-176.17,-991.86,525.00,-157.50,-245.00
2024-02-29 14:27:09.369906,-46,298,0,-53.80,-176.17,-991.98,840.00,-157.50,-367.50
2024-02-29 14:27:09.381945,-46,220,0,-53.80,-176.17,-992.10,525.00,-175.00,-332.50
2024-02-29 14:27:09.387869,-46,142,0,-53.80,-176.17,-991.98,52.50,-192.50,-262.50
2024-02-29 14:27:09.398847,-46,220,0,-53.80,-176.17,-991.86,437.50,-192.50,-332.50
2024-02-29 14:27:09.404934,-46,218,0,-53.80,-176.17,-991.98,892.50,-157.50,-297.50
2024-02-29 14:27:09.416890,-46,221,0,-53.92,-176.05,-992.10,752.50,-87.50,-297.50
2024-02-29 14:27:09.422821,-46,252,0,-53.92,-176.05,-992.10,350.00,-192.50,-385.00
2024-02-29 14:27:09.433312,-46,221,0,-53.92,-176.17,-992.10,87.50,-210.00,-385.00
2024-02-29 14:27:09.445491,-46,227,0,-53.92,-176.17,-991.98,332.50,-245.00,-385.00
2024-02-29 14:27:09.451521,-46,221,0,-53.80,-176.17,-992.10,875.00,-157.50,-332.50
2024-02-29 14:27:09.462424,-46,226,0,-53.80,-176.17,-992.10,857.50,-262.50,-332.50
2024-02-29 14:27:09.468411,-46,220,0,-53.92,-176.17,-992.10,105.00,-192.50,-402.50
2024-02-29 14:27:09.480388,-46,201,0,-53.80,-176.05,-992.10,157.50,-227.50,-350.00
2024-02-29 14:27:09.486517,-46,219,0,-53.92,-176.05,-992.10,857.50,-192.50,-297.50
2024-02-29 14:27:09.497092,-46,217,0,-53.92,-175.92,-992.10,787.50,-210.00,-315.00
2024-02-29 14:27:09.509050,-46,217,0,-54.05,-175.92,-992.10,210.00,-210.00,-332.50
2024-02-29 14:27:09.515138,-46,218,0,-54.05,-175.92,-992.10,122.50,-210.00,-315.00
2024-02-29 14:27:09.524668,-46,219,0,-54.05,-175.92,-991.98,315.00,-210.00,-245.00
2024-02-29 14:27:09.536778,-46,222,0,-54.05,-175.80,-991.98,735.00,-157.50,-315.00
2024-02-29 14:27:09.542770,-46,140,0,-54.05,-175.80,-992.10,910.00,-140.00,-297.50
2024-02-29 14:27:09.553745,-46,220,0,-54.05,-175.80,-992.10,472.50,-210.00,-367.50
2024-02-29 14:27:09.559587,-46,144,0,-53.92,-175.80,-992.10,70.00,-157.50,-315.00
2024-02-29 14:27:09.571648,-46,220,0,-53.92,-175.80,-992.10,297.50,-175.00,-280.00
2024-02-29 14:27:09.577582,-46,220,0,-53.92,-175.80,-992.10,735.00,-105.00,-385.00
2024-02-29 14:27:09.588500,-46,220,0,-53.92,-175.92,-992.10,700.00,-245.00,-297.50
2024-02-29 14:27:09.594552,-46,229,0,-53.92,-175.92,-992.10,402.50,-210.00,-280.00
2024-02-29 14:27:09.606531,-46,221,0,-53.92,-175.92,-992.10,227.50,-297.50,-367.50
2024-02-29 14:27:09.612701,-46,219,0,-53.92,-175.80,-992.23,385.00,-245.00,-367.50
2024-02-29 14:27:09.624226,-46,220,0,-53.92,-175.68,-992.23,735.00,-192.50,-367.50
2024-02-29 14:27:09.636274,-46,296,0,-53.92,-175.80,-992.23,717.50,-210.00,-350.00
2024-02-29 14:27:09.642327,-46,268,0,-54.05,-175.92,-992.10,332.50,-157.50,-367.50
2024-02-29 14:27:09.653162,-46,219,0,-54.05,-175.92,-991.98,122.50,-157.50,-367.50
2024-02-29 14:27:09.659237,-46,220,0,-53.92,-175.92,-991.98,455.00,-157.50,-350.00
2024-02-29 14:27:09.670145,-46,296,0,-53.92,-175.92,-991.86,665.00,-192.50,-315.00
2024-02-29 14:27:09.676301,-46,215,0,-53.92,-175.80,-991.98,682.50,-297.50,-297.50
2024-02-29 14:27:09.688199,-46,221,0,-53.92,-175.80,-992.10,367.50,-227.50,-332.50
2024-02-29 14:27:09.694074,-46,240,0,-53.92,-175.80,-992.10,35.00,-175.00,-350.00
2024-02-29 14:27:09.704711,-46,289,0,-53.92,-175.80,-991.98,542.50,-227.50,-367.50
2024-02-29 14:27:09.716843,-46,208,0,-53.92,-175.80,-992.10,1032.50,-140.00,-280.00
2024-02-29 14:27:09.723051,-46,221,0,-53.92,-175.92,-992.10,612.50,-140.00,-315.00
2024-02-29 14:27:09.733770,-46,225,0,-53.92,-175.80,-992.10,-17.50,-210.00,-350.00
2024-02-29 14:27:09.739912,-46,219,0,-53.92,-175.68,-992.10,280.00,-140.00,-332.50
2024-02-29 14:27:09.751713,-46,219,0,-53.92,-175.68,-992.10,787.50,-122.50,-297.50
2024-02-29 14:27:09.757824,-46,217,0,-54.05,-175.80,-992.10,735.00,-105.00,-262.50
2024-02-29 14:27:09.768312,-46,203,0,-53.92,-175.80,-992.10,402.50,-227.50,-280.00
2024-02-29 14:27:09.779354,-46,220,0,-53.92,-175.80,-992.10,105.00,-227.50,-350.00
2024-02-29 14:27:09.785533,-46,221,0,-53.92,-175.80,-992.10,315.00,-210.00,-385.00
2024-02-29 14:27:09.796419,-46,201,0,-53.92,-175.80,-992.10,822.50,-175.00,-332.50
2024-02-29 14:27:09.802431,-46,220,0,-53.92,-175.80,-992.10,752.50,-227.50,-350.00
2024-02-29 14:27:09.813981,-46,220,0,-53.92,-175.68,-992.10,245.00,-157.50,-367.50
2024-02-29 14:27:09.824033,-46,162,0,-53.92,-175.80,-992.10,227.50,-227.50,-332.50
2024-02-29 14:27:09.829950,-46,218,0,-53.92,-175.80,-992.10,665.00,-175.00,-280.00
2024-02-29 14:27:09.842011,-46,220,0,-54.05,-175.80,-992.10,717.50,-87.50,-262.50
2024-02-29 14:27:09.847977,-46,219,0,-53.92,-175.92,-992.10,455.00,-157.50,-315.00
2024-02-29 14:27:09.858509,-46,219,0,-53.92,-175.92,-992.10,262.50,-262.50,-385.00
2024-02-29 14:27:09.870648,-46,160,0,-54.05,-175.92,-992.10,315.00,-262.50,-297.50
2024-02-29 14:27:09.876693,-46,220,0,-53.92,-175.80,-992.10,455.00,-175.00,-297.50
2024-02-29 14:27:09.887642,-46,198,0,-53.92,-175.80,-992.10,700.00,-140.00,-350.00
2024-02-29 14:27:09.893750,-46,222,0,-53.92,-175.80,-992.10,542.50,-192.50,-280.00
2024-02-29 14:27:09.905564,-46,218,0,-53.92,-175.80,-992.10,210.00,-280.00,-280.00
2024-02-29 14:27:09.911674,-46,218,0,-53.92,-175.80,-992.10,262.50,-140.00,-332.50
2024-02-29 14:27:09.922203,-46,219,0,-53.92,-175.68,-991.98,525.00,-140.00,-262.50
2024-02-29 14:27:09.934223,-46,301,0,-53.92,-175.68,-992.10,682.50,-157.50,-297.50
2024-02-29 14:27:09.940314,-46,220,0,-54.05,-175.68,-992.10,385.00,-175.00,-332.50
2024-02-29 14:27:09.950194,-46,235,0,-53.92,-175.68,-992.10,35.00,-175.00,-315.00
2024-02-29 14:27:09.955968,-46,220,0,-54.05,-175.68,-991.98,192.50,-175.00,-280.00
2024-02-29 14:27:09.968074,-46,220,0,-53.92,-175.56,-992.10,735.00,-157.50,-315.00
2024-02-29 14:27:09.974124,-46,161,0,-53.92,-175.56,-991.98,822.50,-262.50,-297.50
2024-02-29 14:27:09.986057,-46,220,0,-53.92,-175.68,-991.98,455.00,-245.00,-385.00
2024-02-29 14:27:09.992035,-46,221,0,-53.92,-175.68,-991.98,490.00,-280.00,-332.50
2024-02-29 14:27:10.002741,-46,143,0,-53.92,-175.56,-991.98,647.50,-210.00,-332.50
2024-02-29 14:27:10.014775,-46,257,0,-53.92,-175.68,-992.10,682.50,-192.50,-367.50
2024-02-29 14:27:10.020854,-46,243,0,-53.92,-175.68,-992.10,542.50,-192.50,-315.00
2024-02-29 14:27:10.031689,-46,223,0,-53.92,-175.68,-992.23,455.00,-122.50,-332.50
2024-02-29 14:27:10.037521,-46,220,0,-53.92,-175.56,-992.10,87.50,-280.00,-332.50
2024-02-29 14:27:10.049645,-46,219,0,-53.92,-175.56,-992.10,455.00,-227.50,-367.50
2024-02-29 14:27:10.055631,-46,213,0,-53.92,-175.56,-992.10,892.50,-245.00,-350.00
2024-02-29 14:27:10.066349,-46,220,0,-53.92,-175.56,-992.23,437.50,-157.50,-315.00
2024-02-29 14:27:10.077447,-46,230,0,-53.92,-175.56,-992.23,-70.00,-157.50,-280.00
2024-02-29 14:27:10.083494,-46,243,0,-53.92,-175.44,-992.23,157.50,-210.00,-350.00
2024-02-29 14:27:10.094168,-46,240,0,-53.92,-175.44,-992.23,682.50,-192.50,-297.50
2024-02-29 14:27:10.106130,-46,221,0,-53.92,-175.44,-992.10,892.50,-175.00,-262.50
2024-02-29 14:27:10.112206,-46,221,0,-53.92,-175.44,-992.23,717.50,-192.50,-315.00
2024-02-29 14:27:10.122075,-46,218,0,-53.92,-175.56,-992.23,507.50,-262.50,-315.00
2024-02-29 14:27:10.127996,-46,303,0,-53.92,-175.56,-992.10,350.00,-280.00,-315.00
2024-02-29 14:27:10.140068,-46,217,0,-53.92,-175.56,-992.23,525.00,-245.00,-332.50
2024-02-29 14:27:10.146143,-46,221,0,-53.92,-175.68,-992.35,735.00,-157.50,-350.00
2024-02-29 14:27:10.156684,-46,220,0,-53.92,-175.68,-992.35,455.00,-192.50,-367.50
2024-02-29 14:27:10.168666,-46,220,0,-53.92,-175.68,-992.23,175.00,-70.00,-297.50
2024-02-29 14:27:10.174621,-46,243,0,-53.92,-175.56,-992.23,262.50,-210.00,-315.00
2024-02-29 14:27:10.185575,-46,221,0,-53.80,-175.68,-992.35,560.00,-157.50,-315.00
2024-02-29 14:27:10.191651,-46,259,0,-53.80,-175.56,-992.35,525.00,-157.50,-315.00
2024-02-29 14:27:10.203588,-46,141,0,-53.80,-175.56,-992.35,367.50,-175.00,-332.50
2024-02-29 14:27:10.209551,-46,222,0,-53.80,-175.56,-992.35,315.00,-192.50,-367.50
2024-02-29 14:27:10.221515,-46,221,0,-53.92,-175.44,-992.23,297.50,-157.50,-350.00
2024-02-29 14:27:10.227626,-46,156,0,-53.92,-175.44,-992.35,717.50,-175.00,-315.00
2024-02-29 14:27:10.238206,-46,220,0,-53.92,-175.44,-992.35,787.50,-192.50,-332.50
2024-02-29 14:27:10.249188,-46,243,0,-53.92,-175.44,-992.35,280.00,-105.00,-350.00
2024-02-29 14:27:10.255153,-46,216,0,-53.92,-175.44,-992.35,87.50,-140.00,-332.50
2024-02-29 14:27:10.266223,-46,250,0,-54.05,-175.44,-992.35,472.50,-140.00,-262.50
2024-02-29 14:27:10.272202,-46,221,0,-53.92,-175.44,-992.35,857.50,-157.50,-315.00
2024-02-29 14:27:10.284181,-46,218,0,-53.92,-175.31,-992.35,595.00,-192.50,-367.50
2024-02-29 14:27:10.290281,-46,220,0,-53.92,-175.31,-992.35,262.50,-157.50,-367.50
2024-02-29 14:27:10.300762,-46,163,0,-53.92,-175.31,-992.35,280.00,-210.00,-315.00
2024-02-29 14:27:10.312906,-46,206,0,-54.05,-175.44,-992.35,542.50,-227.50,-367.50
2024-02-29 14:27:10.318944,-46,220,0,-54.05,-175.44,-992.35,717.50,-105.00,-262.50
2024-02-29 14:27:10.329844,-46,218,0,-53.92,-175.44,-992.35,682.50,-210.00,-280.00
2024-02-29 14:27:10.335855,-46,219,0,-54.05,-175.44,-992.35,192.50,-175.00,-350.00
2024-02-29 14:27:10.347845,-46,219,0,-53.92,-175.44,-992.23,105.00,-175.00,-262.50
2024-02-29 14:27:10.353922,-46,220,0,-53.92,-175.44,-992.23,612.50,-245.00,-262.50
2024-02-29 14:27:10.364508,-46,240,0,-53.92,-175.44,-992.23,822.50,-175.00,-280.00
2024-02-29 14:27:10.376508,-46,221,0,-53.92,-175.44,-992.23,525.00,-140.00,-420.00
2024-02-29 14:27:10.382426,-46,220,0,-53.92,-175.44,-992.23,52.50,-245.00,-402.50
2024-02-29 14:27:10.393507,-46,218,0,-53.92,-175.19,-992.23,87.50,-210.00,-315.00
2024-02-29 14:27:10.399367,-46,220,0,-54.05,-175.19,-992.10,682.50,-192.50,-315.00
2024-02-29 14:27:10.411409,-46,219,0,-54.05,-175.19,-992.10,945.00,-192.50,-367.50
2024-02-29 14:27:10.417507,-46,216,0,-54.05,-175.07,-992.23,630.00,-245.00,-315.00
2024-02-29 14:27:10.429417,-46,205,0,-54.05,-175.19,-992.35,262.50,-192.50,-297.50
2024-02-29 14:27:10.435395,-46,220,0,-54.17,-175.19,-992.35,367.50,-157.50,-350.00
2024-02-29 14:27:10.447353,-46,220,0,-54.17,-175.19,-992.35,665.00,-87.50,-385.00
2024-02-29 14:27:10.453279,-46,216,0,-54.05,-175.19,-992.47,437.50,-122.50,-367.50
2024-02-29 14:27:10.464018,-46,233,0,-54.05,-175.19,-992.35,105.00,-122.50,-262.50
2024-02-29 14:27:10.476159,-46,221,0,-53.92,-175.07,-992.35,315.00,-122.50,-262.50
2024-02-29 14:27:10.482201,-46,221,0,-54.05,-175.07,-992.35,665.00,-122.50,-297.50
2024-02-29 14:27:10.494028,-46,132,0,-54.05,-175.07,-992.35,612.50,-175.00,-367.50
2024-02-29 14:27:10.500056,-46,218,0,-54.17,-175.19,-992.35,612.50,-192.50,-280.00
2024-02-29 14:27:10.510988,-46,218,0,-54.17,-175.19,-992.35,332.50,-175.00,-262.50
2024-02-29 14:27:10.517099,-46,220,0,-54.17,-175.19,-992.47,210.00,-140.00,-315.00
2024-02-29 14:27:10.529026,-46,220,0,-54.17,-175.19,-992.35,490.00,-157.50,-297.50
2024-02-29 14:27:10.534936,-46,216,0,-54.05,-175.19,-992.35,700.00,-157.50,-227.50
2024-02-29 14:27:10.545731,-46,218,0,-54.17,-175.19,-992.35,420.00,-105.00,-280.00
2024-02-29 14:27:10.557695,-46,221,0,-54.05,-175.07,-992.35,227.50,-140.00,-385.00
2024-02-29 14:27:10.563620,-46,220,0,-54.05,-175.07,-992.23,245.00,-175.00,-402.50
2024-02-29 14:27:10.574607,-46,145,0,-53.92,-175.07,-992.10,612.50,-122.50,-315.00
2024-02-29 14:27:10.580779,-46,220,0,-53.92,-175.19,-992.23,805.00,-210.00,-280.00
2024-02-29 14:27:10.591645,-46,220,0,-54.05,-175.19,-992.23,665.00,-105.00,-315.00
2024-02-29 14:27:10.597650,-46,220,0,-54.05,-175.19,-992.23,122.50,-227.50,-297.50
2024-02-29 14:27:10.609638,-46,221,0,-54.17,-175.19,-992.23,315.00,-157.50,-297.50
2024-02-29 14:27:10.615728,-46,220,0,-54.17,-175.19,-992.47,875.00,-175.00,-350.00
2024-02-29 14:27:10.627645,-46,220,0,-54.17,-175.19,-992.59,665.00,-157.50,-350.00
2024-02-29 14:27:10.633668,-46,291,0,-54.17,-175.19,-992.59,175.00,-175.00,-350.00
2024-02-29 14:27:10.645581,-46,221,0,-54.17,-175.19,-992.59,175.00,-157.50,-367.50
2024-02-29 14:27:10.651618,-46,221,0,-54.17,-175.31,-992.59,700.00,-52.50,-280.00
2024-02-29 14:27:10.662127,-46,142,0,-54.17,-175.31,-992.59,665.00,-175.00,-315.00
2024-02-29 14:27:10.674278,-46,218,0,-54.17,-175.31,-992.47,122.50,-192.50,-332.50
2024-02-29 14:27:10.680402,-46,173,0,-54.17,-175.19,-992.35,262.50,-140.00,-367.50
2024-02-29 14:27:10.691276,-46,236,0,-54.05,-175.19,-992.35,507.50,-52.50,-280.00
2024-02-29 14:27:10.697123,-46,220,0,-53.92,-175.19,-992.23,385.00,-210.00,-297.50
2024-02-29 14:27:10.709206,-46,210,0,-53.92,-175.19,-992.10,385.00,-87.50,-315.00
2024-02-29 14:27:10.715045,-46,234,0,-53.80,-175.19,-992.10,717.50,-157.50,-350.00
2024-02-29 14:27:10.725769,-46,220,0,-53.80,-175.19,-991.98,455.00,-175.00,-332.50
2024-02-29 14:27:10.737842,-46,298,0,-53.68,-175.19,-991.86,262.50,-140.00,-367.50
2024-02-29 14:27:10.743904,-46,219,0,-53.68,-175.19,-991.86,700.00,-175.00,-332.50
2024-02-29 14:27:10.754866,-46,220,0,-53.80,-175.19,-991.86,892.50,-175.00,-350.00
2024-02-29 14:27:10.760837,-46,221,0,-53.80,-175.31,-991.86,490.00,-140.00,-227.50
2024-02-29 14:27:10.772773,-46,243,0,-53.80,-175.31,-991.86,367.50,-297.50,-280.00
2024-02-29 14:27:10.778885,-46,220,0,-53.92,-175.31,-991.98,595.00,-210.00,-262.50
2024-02-29 14:27:10.789404,-46,220,0,-53.92,-175.19,-991.98,542.50,-175.00,-297.50
2024-02-29 14:27:10.801469,-46,165,0,-53.92,-175.19,-992.10,682.50,-175.00,-315.00
2024-02-29 14:27:10.807554,-46,208,0,-54.05,-175.19,-992.23,472.50,-122.50,-280.00
2024-02-29 14:27:10.818430,-46,220,0,-54.05,-175.19,-992.35,87.50,-140.00,-315.00
2024-02-29 14:27:10.824271,-46,218,0,-54.05,-175.19,-992.23,210.00,-157.50,-315.00
2024-02-29 14:27:10.836347,-46,220,0,-54.05,-175.19,-992.35,805.00,-175.00,-245.00
2024-02-29 14:27:10.842371,-46,220,0,-54.17,-175.19,-992.35,875.00,-140.00,-315.00
2024-02-29 14:27:10.853023,-46,204,0,-54.17,-175.19,-992.35,350.00,-245.00,-332.50
2024-02-29 14:27:10.865035,-46,220,0,-54.17,-175.07,-992.35,157.50,-157.50,-280.00
2024-02-29 14:27:10.871211,-46,216,0,-54.05,-175.07,-992.23,542.50,-157.50,-297.50
2024-02-29 14:27:10.883060,-46,301,0,-54.05,-174.95,-992.23,875.00,-87.50,-332.50
2024-02-29 14:27:10.888938,-46,220,0,-53.92,-174.95,-992.23,560.00,-175.00,-332.50
2024-02-29 14:27:10.901024,-46,145,0,-53.92,-175.07,-992.23,122.50,-192.50,-262.50
2024-02-29 14:27:10.907046,-46,143,0,-53.80,-175.07,-992.10,385.00,-122.50,-332.50
2024-02-29 14:27:10.918982,-46,220,0,-53.68,-175.07,-992.10,770.00,-140.00,-367.50
2024-02-29 14:27:10.924977,-46,220,0,-53.68,-174.95,-992.10,647.50,-105.00,-350.00
2024-02-29 14:27:10.935958,-46,220,0,-53.68,-175.07,-992.23,420.00,-140.00,-297.50
2024-02-29 14:27:10.942027,-46,216,0,-53.68,-175.19,-992.23,472.50,-157.50,-350.00
2024-02-29 14:27:10.953944,-46,221,0,-53.68,-175.07,-992.23,280.00,-157.50,-367.50
2024-02-29 14:27:10.959951,-46,218,0,-53.68,-175.19,-992.10,525.00,-245.00,-367.50
2024-02-29 14:27:10.970879,-46,141,0,-53.92,-175.19,-992.10,1015.00,-210.00,-350.00
2024-02-29 14:27:10.977023,-46,220,0,-53.92,-175.31,-992.23,490.00,-210.00,-367.50
2024-02-29 14:27:10.988766,-46,220,0,-53.92,-175.19,-992.23,-262.50,-157.50,-367.50
2024-02-29 14:27:10.999661,-46,219,0,-54.05,-175.07,-992.23,-17.50,-210.00,-367.50
2024-02-29 14:27:11.005677,-46,220,0,-54.05,-174.95,-992.10,612.50,-157.50,-280.00
2024-02-29 14:27:11.016628,-46,133,0,-54.05,-174.95,-992.10,1067.50,-105.00,-280.00
2024-02-29 14:27:11.022597,-46,221,0,-54.05,-174.95,-992.35,700.00,-52.50,-297.50
2024-02-29 14:27:11.034606,-46,220,0,-54.05,-174.95,-992.23,-245.00,-105.00,-332.50
2024-02-29 14:27:11.040560,-46,220,0,-54.05,-174.83,-992.10,0.00,-175.00,-262.50
2024-02-29 14:27:11.052485,-46,221,0,-54.05,-174.83,-992.10,1260.00,-227.50,-350.00
2024-02-29 14:27:11.056921,-46,157,0,-54.05,-174.70,-992.23,1225.00,-175.00,-350.00
2024-02-29 14:27:11.070663,-46,246,0,-54.05,-174.70,-992.10,-70.00,-245.00,-315.00
2024-02-29 14:27:11.076761,-46,142,0,-53.92,-174.83,-991.98,-17.50,-262.50,-297.50
2024-02-29 14:27:11.087285,-46,302,0,-53.92,-174.83,-992.10,962.50,-157.50,-315.00
2024-02-29 14:27:11.099293,-46,219,0,-53.92,-174.95,-992.10,875.00,-70.00,-420.00
2024-02-29 14:27:11.105214,-46,220,0,-53.92,-174.95,-991.98,385.00,-105.00,-402.50
2024-02-29 14:27:11.116193,-46,225,0,-53.92,-174.95,-991.98,297.50,-192.50,-315.00
2024-02-29 14:27:11.122241,-46,220,0,-53.92,-174.95,-991.98,560.00,-140.00,-367.50
2024-02-29 14:27:11.134262,-46,219,0,-54.05,-174.95,-991.98,560.00,-140.00,-332.50
2024-02-29 14:27:11.140030,-46,296,0,-54.05,-174.95,-991.98,472.50,-87.50,-280.00
2024-02-29 14:27:11.150817,-46,195,0,-54.05,-175.07,-991.98,262.50,-140.00,-385.00
2024-02-29 14:27:11.162867,-46,146,0,-53.92,-174.95,-991.98,17.50,-175.00,-332.50
