Time,x,y,pressure,accel_x,accel_y,accel_z,gyro_x,gyro_y,gyro_z
2024-02-29 14:27:19.934575,173,60,491,-768.97,-635.62,-89.55,-61775.00,13842.50,11182.50
2024-02-29 14:27:19.942716,173,58,483,-764.94,-640.74,-78.81,-81690.00,24657.50,14140.00
2024-02-29 14:27:19.946797,173,57,476,-763.60,-642.09,-76.37,-79992.50,30992.50,13142.50
2024-02-29 14:27:19.950888,173,56,480,-764.09,-639.65,-81.13,-81707.50,32637.50,9012.50
2024-02-29 14:27:19.954999,173,55,477,-767.87,-634.89,-89.18,-59867.50,32585.00,4252.50
2024-02-29 14:27:19.963144,172,53,489,-772.63,-628.06,-98.58,-67270.00,28297.50,945.00
2024-02-29 14:27:19.967425,169,53,501,-771.53,-623.42,-108.58,-65205.00,24850.00,-2205.00
2024-02-29 14:27:19.971394,167,52,520,-764.33,-623.79,-120.41,-63665.00,19145.00,1960.00
2024-02-29 14:27:19.979562,162,51,578,-751.89,-629.64,-130.78,-130305.00,10552.50,15627.50
2024-02-29 14:27:19.983695,154,77,0,-757.74,-627.69,-131.15,-162557.50,6230.00,30432.50
2024-02-29 14:27:19.987857,-46,132,0,-774.94,-615.00,-126.39,39515.00,16397.50,-3692.50
2024-02-29 14:27:19.991848,-46,203,0,-780.56,-616.71,-142.25,90545.00,10850.00,-10832.50
2024-02-29 14:27:19.995949,-46,202,0,-785.07,-620.49,-176.78,110670.00,-10815.00,-8697.50
2024-02-29 14:27:20.000060,-46,201,0,-791.29,-624.03,-201.18,112315.00,-35472.50,-8855.00
2024-02-29 14:27:20.008203,108,47,890,-797.39,-640.87,-219.36,193725.00,-65537.50,-2135.00
2024-02-29 14:27:20.012317,97,45,538,-799.71,-658.19,-242.17,268327.50,-108430.00,6405.00
2024-02-29 14:27:20.020467,89,45,536,-798.25,-674.17,-255.22,333340.00,-147840.00,19827.50
2024-02-29 14:27:20.024680,82,46,524,-793.49,-686.74,-250.59,381535.00,-168175.00,39847.50
2024-02-29 14:27:20.028755,78,46,503,-787.39,-683.08,-227.65,378297.50,-165445.00,57417.50
2024-02-29 14:27:20.036924,74,46,509,-783.48,-657.95,-177.63,242130.00,-129255.00,60375.00
2024-02-29 14:27:20.043362,73,47,506,-783.00,-627.08,-109.56,66097.50,-71050.00,48457.50
2024-02-29 14:27:20.052002,72,47,509,-785.07,-605.24,-52.22,-42192.50,-16275.00,35385.00
2024-02-29 14:27:20.058217,72,48,516,-788.36,-594.14,-23.42,-111825.00,20562.50,27562.50
2024-02-29 14:27:20.068595,73,49,515,-790.07,-591.33,-11.83,-150237.50,37625.00,26670.00
2024-02-29 14:27:20.075858,75,50,0,-788.85,-584.38,0.00,-180057.50,52412.50,24640.00
2024-02-29 14:27:20.087156,77,51,500,-787.63,-573.28,9.76,-206220.00,64977.50,17727.50
2024-02-29 14:27:20.094168,79,52,516,-791.41,-571.69,9.15,-188475.00,70560.00,18007.50
2024-02-29 14:27:20.105580,82,53,491,-799.34,-577.79,-4.88,-130392.50,61705.00,26705.00
2024-02-29 14:27:20.112891,85,54,477,-806.91,-581.09,-27.08,-44957.50,44345.00,33495.00
2024-02-29 14:27:20.124174,88,55,0,-812.15,-577.18,-47.82,2082.50,27247.50,35245.00
2024-02-29 14:27:20.131180,91,57,470,-814.96,-568.89,-62.46,16222.50,12075.00,33022.50
2024-02-29 14:27:20.141765,92,59,470,-815.33,-557.30,-75.76,35612.50,-3097.50,26827.50
2024-02-29 14:27:20.149049,94,61,465,-813.50,-543.27,-90.77,49297.50,-18182.50,16905.00
2024-02-29 14:27:20.158225,95,66,0,-811.54,-530.70,-102.72,46795.00,-30502.50,6982.50
2024-02-29 14:27:20.165548,96,65,469,-810.57,-521.92,-107.36,36365.00,-36837.50,-962.50
2024-02-29 14:27:20.176322,97,68,0,-811.30,-518.74,-103.46,26757.50,-35560.00,-5302.50
2024-02-29 14:27:20.186844,96,71,477,-814.96,-522.65,-88.21,10412.50,-24342.50,-3640.00
2024-02-29 14:27:20.193808,96,74,0,-819.60,-530.94,-59.41,-15067.50,-262.50,2922.50
2024-02-29 14:27:20.203407,96,76,479,-821.79,-538.87,-29.52,-35017.50,27020.00,8977.50
2024-02-29 14:27:20.215232,95,75,0,-821.55,-544.00,-15.13,-40827.50,40355.00,11970.00
2024-02-29 14:27:20.223762,94,80,487,-819.60,-546.93,-16.10,-46707.50,36295.00,12285.00
2024-02-29 14:27:20.229336,93,83,0,-814.47,-544.85,-24.16,-42000.00,20632.50,7542.50
2024-02-29 14:27:20.239419,92,85,0,-807.64,-537.04,-34.77,-31272.50,1050.00,-3902.50
2024-02-29 14:27:20.251233,91,99,0,-802.15,-529.24,-48.43,-18690.00,-16345.00,-15715.00
2024-02-29 14:27:20.259749,91,87,450,-799.10,-523.75,-64.90,-2257.50,-35315.00,-25865.00
2024-02-29 14:27:20.264134,92,86,0,-800.32,-524.23,-70.76,12897.50,-46707.50,-30187.50
2024-02-29 14:27:20.276283,92,90,458,-805.44,-532.16,-59.05,15102.50,-40022.50,-25567.50
2024-02-29 14:27:20.283997,94,93,490,-813.62,-544.97,-41.85,11130.00,-24412.50,-15382.50
2024-02-29 14:27:20.294889,96,95,0,-825.33,-563.15,-26.72,6335.00,-7892.50,1015.00
2024-02-29 14:27:20.301665,98,98,0,-839.12,-580.84,-10.25,-9870.00,11585.00,22347.50
2024-02-29 14:27:20.313292,102,101,0,-849.85,-591.21,3.42,-32585.00,32532.50,41107.50
2024-02-29 14:27:20.320139,104,103,0,-853.39,-592.92,3.54,-42647.50,43172.50,51030.00
2024-02-29 14:27:20.330773,106,106,0,-851.07,-588.65,-10.49,-17097.50,37870.00,50820.00
2024-02-29 14:27:20.337821,108,108,490,-844.48,-578.65,-32.21,-3465.00,18147.50,43767.50
2024-02-29 14:27:20.349301,110,110,501,-835.21,-564.49,-52.46,-1680.00,-8207.50,28735.00
2024-02-29 14:27:20.356379,110,111,532,-824.84,-551.93,-68.56,-8137.50,-33425.00,12057.50
2024-02-29 14:27:20.367737,110,112,518,-814.72,-541.68,-79.91,-14752.50,-55720.00,-3850.00
2024-02-29 14:27:20.375240,109,113,515,-807.76,-535.82,-79.67,-9870.00,-66640.00,-16030.00
2024-02-29 14:27:20.386192,107,113,544,-806.18,-536.07,-64.78,-4007.50,-58905.00,-19512.50
2024-02-29 14:27:20.393822,105,112,0,-809.47,-541.80,-40.26,-6807.50,-36470.00,-16082.50
2024-02-29 14:27:20.404702,104,111,511,-814.72,-551.68,-19.28,-11865.00,-10167.50,-8277.50
2024-02-29 14:27:20.413332,101,112,0,-819.35,-562.18,-8.30,-15417.50,4287.50,1155.00
2024-02-29 14:27:20.418644,99,111,523,-823.01,-567.79,-0.37,-13457.50,14577.50,7840.00
2024-02-29 14:27:20.428508,97,111,463,-826.43,-570.47,-0.37,-262.50,16170.00,11462.50
2024-02-29 14:27:20.440409,96,112,459,-828.62,-571.94,-14.64,20965.00,2940.00,14332.50
2024-02-29 14:27:20.447389,95,112,462,-829.48,-569.37,-33.55,33477.50,-14927.50,13090.00
2024-02-29 14:27:20.458021,95,114,477,-830.94,-564.86,-45.51,39532.50,-26110.00,11690.00
2024-02-29 14:27:20.465354,95,115,0,-831.80,-560.10,-44.53,32480.00,-28350.00,10167.50
2024-02-29 14:27:20.476623,96,119,467,-832.28,-559.37,-34.89,30310.00,-22820.00,9100.00
2024-02-29 14:27:20.483843,97,122,445,-833.50,-563.52,-23.18,22522.50,-15225.00,12530.00
2024-02-29 14:27:20.494089,99,126,473,-833.87,-568.89,-9.03,4165.00,-5687.50,16992.50
2024-02-29 14:27:20.500456,101,131,457,-832.53,-572.55,5.86,-14892.50,5215.00,19320.00
2024-02-29 14:27:20.511408,104,136,450,-830.21,-572.91,17.57,-28455.00,14630.00,18760.00
2024-02-29 14:27:20.518431,107,142,478,-828.14,-571.33,24.89,-34422.50,21122.50,16957.50
2024-02-29 14:27:20.528953,108,146,468,-827.40,-566.69,26.60,-33127.50,24867.50,14227.50
2024-02-29 14:27:20.535992,110,149,0,-829.48,-560.96,20.25,-23310.00,22312.50,11812.50
2024-02-29 14:27:20.545404,110,153,0,-832.04,-553.51,9.15,-2065.00,12722.50,10412.50
2024-02-29 14:27:20.557421,110,154,0,-835.09,-543.75,-3.78,14385.00,5372.50,6405.00
2024-02-29 14:27:20.563963,108,158,505,-838.14,-535.46,-23.06,31027.50,-9065.00,4060.00
2024-02-29 14:27:20.575703,106,160,525,-839.12,-528.26,-37.82,36680.00,-25480.00,507.50
2024-02-29 14:27:20.582792,104,161,564,-839.24,-523.38,-37.45,39007.50,-29837.50,-2695.00
2024-02-29 14:27:20.594183,100,146,0,-840.21,-523.38,-28.67,28542.50,-24255.00,-2765.00
2024-02-29 14:27:20.601270,96,161,553,-841.92,-527.28,-17.57,6492.50,-12687.50,-140.00
2024-02-29 14:27:20.612522,94,172,0,-843.87,-534.24,-8.17,-11445.00,-1995.00,3990.00
2024-02-29 14:27:20.621129,91,161,527,-844.73,-538.75,7.93,-27965.00,13475.00,8312.50
2024-02-29 14:27:20.625942,89,160,493,-843.51,-537.04,26.84,-42822.50,35297.50,7875.00
2024-02-29 14:27:20.636382,88,160,486,-841.56,-534.36,28.06,-33775.00,44520.00,5075.00
2024-02-29 14:27:20.648403,88,160,0,-840.58,-530.46,11.22,105.00,37170.00,1750.00
2024-02-29 14:27:20.654738,88,161,477,-840.34,-523.01,-7.93,37502.50,24570.00,-3447.50
2024-02-29 14:27:20.666647,88,161,0,-840.09,-512.77,-21.84,74637.50,15137.50,-11112.50
2024-02-29 14:27:20.675249,89,164,0,-840.82,-502.40,-31.60,91420.00,8347.50,-17552.50
2024-02-29 14:27:20.680776,90,163,489,-844.24,-496.05,-35.99,82582.50,5425.00,-20072.50
2024-02-29 14:27:20.690785,90,165,0,-848.27,-497.03,-35.87,74725.00,2782.50,-19547.50
2024-02-29 14:27:20.702695,91,166,484,-851.80,-503.74,-32.33,60900.00,507.50,-16695.00
2024-02-29 14:27:20.709534,91,167,482,-855.71,-513.01,-23.42,41772.50,1977.50,-12442.50
2024-02-29 14:27:20.721053,90,168,489,-859.86,-522.89,-9.76,24010.00,9432.50,-5845.00
2024-02-29 14:27:20.725432,89,169,0,-863.39,-531.92,3.05,6702.50,20055.00,1907.50
2024-02-29 14:27:20.734395,87,170,479,-862.54,-537.90,15.01,-16327.50,31150.00,10780.00
2024-02-29 14:27:20.745075,86,172,0,-858.76,-538.26,29.16,-53987.50,45045.00,16992.50
2024-02-29 14:27:20.755947,86,172,466,-854.49,-536.80,37.21,-63525.00,59500.00,19145.00
2024-02-29 14:27:20.762955,84,173,477,-851.80,-533.26,29.52,-39707.50,62580.00,18585.00
2024-02-29 14:27:20.774450,85,174,0,-848.88,-525.94,13.05,-17027.50,55212.50,11707.50
2024-02-29 14:27:20.781264,83,175,518,-843.51,-514.60,-1.22,-5495.00,47617.50,2607.50
2024-02-29 14:27:20.792872,83,176,528,-841.56,-502.40,-11.96,-805.00,40810.00,-6107.50
2024-02-29 14:27:20.800064,83,177,497,-848.02,-494.59,-25.13,21070.00,28192.50,-10325.00
2024-02-29 14:27:20.811267,83,178,0,-855.95,-494.83,-41.36,56525.00,8015.00,-10745.00
2024-02-29 14:27:20.819892,83,179,494,-862.30,-503.37,-45.63,60165.00,-8575.00,-5530.00
2024-02-29 14:27:20.825300,83,181,502,-870.35,-520.21,-35.87,44695.00,-15015.00,7297.50
2024-02-29 14:27:20.835586,84,179,516,-878.64,-541.44,-35.50,38167.50,-25900.00,25077.50
2024-02-29 14:27:20.846271,84,179,0,-883.16,-557.30,-42.33,9240.00,-43172.50,42857.50
2024-02-29 14:27:20.853583,85,181,501,-884.26,-562.18,-36.84,-14367.50,-49910.00,51940.00
2024-02-29 14:27:20.863832,86,181,493,-883.40,-560.22,-32.21,-13877.50,-52745.00,55002.50
2024-02-29 14:27:20.871338,86,181,501,-880.23,-554.37,-42.33,11480.00,-65152.50,53812.50
2024-02-29 14:27:20.881508,87,181,511,-873.64,-540.70,-53.80,14927.50,-82477.50,47687.50
2024-02-29 14:27:20.888724,87,181,514,-862.05,-521.31,-54.17,22452.50,-94167.50,32900.00
2024-02-29 14:27:20.900101,87,181,538,-847.66,-498.61,-49.41,52535.00,-102987.50,11532.50
2024-02-29 14:27:20.907669,87,181,547,-833.26,-478.48,-45.63,57872.50,-114257.50,-10797.50
2024-02-29 14:27:20.918738,87,181,0,-822.04,-465.80,-36.60,47985.00,-122762.50,-25357.50
2024-02-29 14:27:20.926562,86,180,682,-816.06,-457.50,-14.15,33600.00,-114485.00,-35525.00
2024-02-29 14:27:20.936256,85,183,0,-814.59,-454.08,17.45,6457.50,-89162.50,-42455.00
2024-02-29 14:27:20.943726,84,181,0,-815.94,-457.87,48.43,-20562.50,-60305.00,-46655.00
2024-02-29 14:27:20.953958,-46,222,0,-820.33,-467.50,77.71,-42297.50,-30275.00,-45710.00
2024-02-29 14:27:20.961240,80,186,0,-827.65,-478.73,101.50,-57277.50,192.50,-40757.50
2024-02-29 14:27:20.970864,80,182,553,-835.82,-490.07,107.60,-49682.50,19862.50,-33250.00
2024-02-29 14:27:20.981485,79,182,546,-845.46,-501.91,98.58,-27230.00,26915.00,-23467.50
2024-02-29 14:27:20.988565,79,182,537,-856.20,-510.69,84.79,3692.50,29015.00,-11270.00
2024-02-29 14:27:20.998968,79,182,538,-866.44,-513.25,77.10,20335.00,34667.50,-2677.50
2024-02-29 14:27:21.005600,79,182,0,-877.30,-512.89,80.89,15645.00,51345.00,4025.00
2024-02-29 14:27:21.016438,80,183,576,-887.55,-516.43,85.16,5670.00,68337.50,13457.50
2024-02-29 14:27:21.028377,-46,224,0,-894.50,-523.62,77.71,5547.50,71715.00,26897.50
2024-02-29 14:27:21.037021,83,183,0,-897.07,-529.72,60.02,13895.00,59150.00,37362.50
2024-02-29 14:27:21.041553,86,218,0,-896.46,-531.68,43.92,647.50,40197.50,44625.00
2024-02-29 14:27:21.052653,-46,223,0,-891.82,-529.24,30.87,-16905.00,15942.50,45692.50
2024-02-29 14:27:21.063372,-46,208,0,-885.96,-525.58,15.98,-9450.00,-9397.50,43960.00
2024-02-29 14:27:21.070234,-46,223,0,-881.45,-519.11,5.25,-5267.50,-28875.00,41020.00
2024-02-29 14:27:21.081778,-46,302,0,-878.40,-511.79,7.08,-10850.00,-36207.50,35787.50
2024-02-29 14:27:21.088833,-46,300,0,-877.55,-508.50,22.69,-18287.50,-30135.00,33250.00
2024-02-29 14:27:21.098202,-46,221,0,-878.40,-504.10,48.68,-29820.00,-9660.00,33005.00
2024-02-29 14:27:21.105240,-46,237,0,-879.13,-492.64,76.01,-37835.00,18847.50,28035.00
2024-02-29 14:27:21.115932,-46,224,0,-879.38,-478.48,95.16,-39847.50,44835.00,20002.50
2024-02-29 14:27:21.127800,-46,150,0,-880.72,-469.21,101.50,-23135.00,62160.00,16712.50
2024-02-29 14:27:21.136393,-46,144,0,-882.79,-464.58,91.62,6720.00,64347.50,17745.00
2024-02-29 14:27:21.141478,-46,222,0,-885.84,-461.04,70.27,45307.50,53795.00,18970.00
2024-02-29 14:27:21.152889,-46,219,0,-889.62,-458.48,50.75,64592.50,42805.00,21437.50
2024-02-29 14:27:21.159673,-46,145,0,-892.67,-454.45,36.23,64067.50,33425.00,22610.00
2024-02-29 14:27:21.171404,-46,222,0,-895.72,-452.38,20.62,47722.50,23012.50,23397.50
2024-02-29 14:27:21.177992,-46,223,0,-896.58,-451.28,6.71,10745.00,9695.00,26075.00
2024-02-29 14:27:21.189918,-46,205,0,-895.60,-453.60,2.81,-31710.00,-3167.50,23992.50
2024-02-29 14:27:21.196751,-46,231,0,-897.43,-467.75,12.44,-59150.00,-4830.00,32462.50
2024-02-29 14:27:21.208304,-46,221,0,-902.07,-481.90,28.91,-108552.50,5267.50,43015.00
2024-02-29 14:27:21.215507,-46,266,0,-902.80,-489.46,49.78,-166057.50,20982.50,50400.00
2024-02-29 14:27:21.225914,-46,137,0,-901.82,-487.63,70.27,-221672.50,40495.00,54442.50
2024-02-29 14:27:21.233273,-46,221,0,-910.61,-460.55,75.40,-262535.00,52587.50,42822.50
2024-02-29 14:27:21.244592,-46,221,0,-926.59,-412.60,63.68,-208197.50,55807.50,805.00
2024-02-29 14:27:21.251743,-46,141,0,-942.94,-366.12,49.78,-119927.50,57732.50,-46375.00
2024-02-29 14:27:21.262061,-46,221,0,-952.70,-332.08,39.16,-76597.50,63385.00,-79572.50
2024-02-29 14:27:21.269623,-46,220,0,-949.53,-313.30,28.18,-160825.00,68197.50,-94342.50
2024-02-29 14:27:21.279655,-46,220,0,-940.01,-316.71,20.50,-173425.00,72450.00,-86975.00
2024-02-29 14:27:21.287332,-46,222,0,-933.18,-338.18,12.93,-157237.50,79590.00,-65012.50
2024-02-29 14:27:21.298309,-46,221,0,-927.93,-356.73,-1.95,-165900.00,78242.50,-37275.00
2024-02-29 14:27:21.306082,-46,132,0,-921.34,-369.05,-20.50,-209720.00,70665.00,-16485.00
2024-02-29 14:27:21.317003,-46,220,0,-915.49,-379.30,-41.48,-263200.00,59010.00,3552.50
2024-02-29 14:27:21.324332,-46,141,0,-913.78,-383.08,-67.34,-327232.50,45657.50,17902.50
2024-02-29 14:27:21.335545,-46,222,0,-917.32,-371.12,-95.89,-416517.50,32655.00,17850.00
2024-02-29 14:27:21.344102,-46,221,0,-925.49,-344.53,-122.73,-541835.00,26232.50,2835.00
2024-02-29 14:27:21.350527,-46,151,0,-938.06,-312.56,-145.06,-573370.00,28437.50,-18515.00
2024-02-29 14:27:21.360797,172,191,669,-949.53,-286.46,-163.97,-573370.00,36750.00,-34842.50
2024-02-29 14:27:21.368970,173,190,0,-951.72,-269.50,-183.37,-573370.00,43050.00,-38185.00
2024-02-29 14:27:21.379539,173,193,0,-943.91,-261.08,-205.57,-573370.00,50067.50,-36785.00
2024-02-29 14:27:21.389982,174,192,0,-929.88,-267.55,-237.05,-573370.00,39970.00,-26040.00
2024-02-29 14:27:21.398705,173,194,512,-910.73,-277.43,-274.13,-573370.00,17605.00,-10255.00
2024-02-29 14:27:21.404118,172,196,530,-895.48,-278.40,-308.42,-573370.00,1540.00,-8610.00
2024-02-29 14:27:21.414883,169,198,487,-889.99,-265.84,-339.40,-573370.00,-9187.50,-18077.50
2024-02-29 14:27:21.424973,167,200,0,-889.01,-229.48,-360.27,-573370.00,-11235.00,-39585.00
2024-02-29 14:27:21.433329,163,203,0,-889.38,-172.39,-368.44,-573370.00,-3132.50,-71522.50
2024-02-29 14:27:21.443700,161,205,484,-892.80,-106.26,-364.54,-573370.00,13562.50,-101430.00
2024-02-29 14:27:21.452306,156,208,501,-898.41,-28.79,-348.68,-572722.50,37852.50,-129937.50
2024-02-29 14:27:21.459189,151,211,502,-899.51,71.00,-312.08,-551985.00,64575.00,-173180.00
2024-02-29 14:27:21.468125,145,214,524,-882.79,182.51,-213.26,-486377.50,127120.00,-235147.50
2024-02-29 14:27:21.476511,141,217,0,-841.92,285.60,-109.19,-197715.00,233782.50,-309207.50
2024-02-29 14:27:21.486946,134,220,641,-780.80,369.29,-50.75,16117.50,282572.50,-387537.50
2024-02-29 14:27:21.494520,129,221,947,-701.01,408.94,20.98,-21420.00,340287.50,-439302.50
2024-02-29 14:27:21.504649,120,222,0,-612.81,412.85,40.87,218802.50,391545.00,-476402.50
2024-02-29 14:27:21.512485,115,172,0,-533.38,415.29,-36.97,380625.00,349965.00,-518560.00
2024-02-29 14:27:21.522383,110,223,0,-465.92,407.97,-119.19,284200.00,283167.50,-544757.50
2024-02-29 14:27:21.530522,-46,156,0,-405.53,337.94,-229.97,317257.50,236967.50,-552195.00
2024-02-29 14:27:21.541256,-46,225,0,-356.36,237.17,-374.54,362810.00,116147.50,-510160.00
2024-02-29 14:27:21.549323,83,230,0,-321.35,134.20,-469.21,-55737.50,47407.50,-452060.00
2024-02-29 14:27:21.559070,76,225,0,-293.17,31.96,-526.80,-100152.50,10972.50,-395447.50
2024-02-29 14:27:21.567207,67,213,498,-262.79,-65.39,-573.89,-136570.00,-12425.00,-355582.50
2024-02-29 14:27:21.577952,60,209,554,-238.02,-161.77,-603.41,-62825.00,-43995.00,-307982.50
2024-02-29 14:27:21.586537,52,204,0,-218.62,-222.41,-602.07,-158007.50,-51940.00,-267855.00
2024-02-29 14:27:21.596751,46,203,510,-195.93,-249.73,-570.35,-103652.50,-32305.00,-254275.00
2024-02-29 14:27:21.604602,41,199,506,-178.12,-253.52,-528.14,4795.00,4060.00,-259647.50
2024-02-29 14:27:21.614380,37,196,0,-172.75,-245.22,-502.76,116270.00,42087.50,-273420.00
2024-02-29 14:27:21.622516,33,179,0,-174.46,-241.68,-514.96,225645.00,60515.00,-289765.00
2024-02-29 14:27:21.633203,31,189,555,-176.66,-261.20,-568.76,357997.50,39742.50,-297675.00
2024-02-29 14:27:21.641827,30,202,0,-180.44,-301.83,-640.13,376582.50,-12355.00,-286020.00
2024-02-29 14:27:21.649088,28,183,529,-182.27,-351.85,-691.98,253505.00,-65502.50,-255237.50
2024-02-29 14:27:21.658729,28,183,0,-179.83,-400.28,-707.11,67427.50,-92645.00,-220097.50
2024-02-29 14:27:21.666830,29,180,507,-171.17,-441.76,-700.04,35350.00,-99470.00,-194845.00
2024-02-29 14:27:21.677456,29,179,557,-156.89,-478.00,-691.74,-22452.50,-103390.00,-174125.00
2024-02-29 14:27:21.687439,30,179,501,-138.23,-519.23,-698.08,-131950.00,-110320.00,-150220.00
2024-02-29 14:27:21.696068,32,179,0,-120.54,-563.76,-722.00,-215215.00,-123252.50,-119612.50
2024-02-29 14:27:21.703104,35,193,0,-113.70,-597.80,-749.93,-244667.50,-133437.50,-94342.50
2024-02-29 14:27:21.713253,39,180,496,-120.29,-617.56,-772.63,-273472.50,-138915.00,-81812.50
2024-02-29 14:27:21.721959,44,184,488,-135.79,-629.03,-782.14,-269447.50,-138162.50,-82022.50
2024-02-29 14:27:21.731118,48,186,484,-155.43,-637.94,-769.45,-179217.50,-125230.00,-87832.50
2024-02-29 14:27:21.739525,52,189,499,-175.44,-646.23,-734.32,-78190.00,-97632.50,-91577.50
2024-02-29 14:27:21.749966,56,192,497,-190.44,-658.56,-689.30,81812.50,-59185.00,-93380.00
2024-02-29 14:27:21.757907,60,196,487,-201.30,-677.10,-657.34,275502.50,-24797.50,-87745.00
2024-02-29 14:27:21.768638,63,200,492,-212.77,-693.45,-658.80,416307.50,-10955.00,-73797.50
2024-02-29 14:27:21.776853,66,204,463,-222.89,-698.57,-689.18,447002.50,-21647.50,-62160.00
2024-02-29 14:27:21.786440,68,206,0,-230.21,-692.96,-724.44,367430.00,-48300.00,-60462.50
2024-02-29 14:27:21.794636,69,211,482,-237.17,-679.66,-739.56,170362.50,-73535.00,-68110.00
2024-02-29 14:27:21.805251,68,216,510,-237.90,-660.51,-731.88,-127225.00,-86257.50,-88637.50
2024-02-29 14:27:21.813864,68,219,479,-227.65,-644.65,-715.65,-340357.50,-87990.00,-115167.50
2024-02-29 14:27:21.821369,67,222,0,-215.45,-635.50,-691.13,-334635.00,-74830.00,-136692.50
2024-02-29 14:27:21.830831,65,225,482,-207.40,-641.35,-655.99,-202842.50,-45430.00,-149380.00
2024-02-29 14:27:21.839236,64,229,0,-202.89,-678.56,-626.47,-36802.50,-10745.00,-132195.00
2024-02-29 14:27:21.849542,63,231,482,-201.30,-731.76,-616.83,146160.00,4410.00,-102217.50
2024-02-29 14:27:21.857162,62,234,469,-203.25,-775.55,-618.78,279685.00,3307.50,-75967.50
2024-02-29 14:27:21.866247,63,237,490,-207.40,-802.03,-619.64,330750.00,262.50,-56612.50
2024-02-29 14:27:21.873526,64,240,489,-212.28,-804.59,-615.37,362862.50,3027.50,-50312.50
2024-02-29 14:27:21.883759,65,243,518,-215.57,-784.58,-609.76,331450.00,6947.50,-61967.50
2024-02-29 14:27:21.891328,67,245,517,-213.13,-758.84,-607.68,202370.00,2100.00,-85610.00
2024-02-29 14:27:21.902488,71,250,507,-204.47,-753.23,-604.88,29785.00,-10185.00,-99102.50
2024-02-29 14:27:21.910504,75,253,501,-189.95,-780.31,-592.92,-42455.00,-15067.50,-84122.50
2024-02-29 14:27:21.921099,79,256,495,-175.92,-827.89,-570.84,82075.00,-13335.00,-57732.50
2024-02-29 14:27:21.929039,83,257,0,-166.41,-868.64,-552.17,157290.00,-8522.50,-23415.00
2024-02-29 14:27:21.939894,86,265,475,-154.82,-890.11,-544.36,93940.00,-11200.00,4235.00
2024-02-29 14:27:21.947355,89,269,499,-143.96,-893.65,-541.92,97912.50,-14630.00,21210.00
2024-02-29 14:27:21.957545,92,272,0,-141.15,-880.47,-540.22,119560.00,-20667.50,17762.50
2024-02-29 14:27:21.965414,95,282,0,-143.96,-855.83,-530.94,135362.50,-25725.00,-7210.00
2024-02-29 14:27:21.976215,98,282,0,-146.40,-834.72,-510.20,152022.50,-26372.50,-39585.00
2024-02-29 14:27:21.984376,100,286,0,-146.16,-832.77,-478.24,195387.50,-22085.00,-59447.50
2024-02-29 14:27:21.993980,103,292,482,-145.30,-844.85,-436.52,230422.50,-11830.00,-65502.50
2024-02-29 14:27:22.001891,107,296,0,-143.35,-861.69,-389.91,257880.00,1697.50,-66867.50
2024-02-29 14:27:22.011624,108,303,551,-138.59,-881.94,-348.31,322542.50,14962.50,-65975.00
2024-02-29 14:27:22.019483,110,307,568,-135.79,-904.75,-326.96,406280.00,17587.50,-62982.50
2024-02-29 14:27:22.030430,110,310,907,-133.96,-928.42,-333.30,451640.00,1662.50,-56367.50
2024-02-29 14:27:22.038259,-46,286,0,-129.32,-955.99,-358.92,502232.50,-30712.50,-42752.50
2024-02-29 14:27:22.049177,-46,228,0,-125.78,-982.34,-384.91,384492.50,-66570.00,-15750.00
2024-02-29 14:27:22.057791,-46,224,0,-124.93,-994.54,-406.02,71120.00,-97142.50,14752.50
2024-02-29 14:27:22.064260,-46,223,0,-120.05,-989.54,-407.97,4602.50,-134750.00,17552.50
2024-02-29 14:27:22.074529,-46,222,0,-111.75,-968.92,-368.56,43260.00,-145740.00,1820.00
2024-02-29 14:27:22.082425,-46,189,0,-104.68,-940.01,-295.97,24167.50,-125772.50,-23625.00
2024-02-29 14:27:22.093141,-46,222,0,-95.53,-915.24,-207.64,-33775.00,-89320.00,-47145.00
2024-02-29 14:27:22.101171,-46,221,0,-83.94,-904.75,-116.39,-116777.50,-44870.00,-60165.00
2024-02-29 14:27:22.111885,-46,164,0,-69.05,-906.46,-34.53,-173635.00,-2520.00,-62055.00
2024-02-29 14:27:22.119273,-46,221,0,-47.70,-913.66,31.60,-150150.00,32007.50,-59990.00
2024-02-29 14:27:22.130295,-46,219,0,-29.89,-917.56,75.15,1697.50,61915.00,-60095.00
2024-02-29 14:27:22.137140,-46,298,0,-22.69,-915.37,90.65,116742.50,74480.00,-70227.50
2024-02-29 14:27:22.148871,-46,246,0,-18.30,-916.34,89.30,155540.00,77542.50,-80710.00
2024-02-29 14:27:22.157399,-46,222,0,-12.44,-973.80,69.91,199920.00,70962.50,-67672.50
2024-02-29 14:27:22.162295,-46,221,0,-10.49,-1064.45,39.89,172007.50,52517.50,0.00
2024-02-29 14:27:22.172891,-46,250,0,-14.52,-1083.36,23.30,105210.00,37205.00,28192.50
2024-02-29 14:27:22.183807,-46,223,0,-14.88,-1065.79,21.96,35017.50,24325.00,17657.50
2024-02-29 14:27:22.190579,-46,220,0,-9.64,-1062.25,30.13,-46812.50,17097.50,22785.00
2024-02-29 14:27:22.201291,-46,218,0,-1.46,-1054.32,43.80,-76790.00,10167.50,25917.50
2024-02-29 14:27:22.207606,-46,219,0,7.32,-1047.49,61.00,-57820.00,7175.00,28017.50
2024-02-29 14:27:22.218713,-46,220,0,12.20,-1044.69,77.84,-28787.50,6790.00,30187.50
2024-02-29 14:27:22.225153,-46,222,0,12.93,-1041.03,90.52,-17132.50,7490.00,26967.50
2024-02-29 14:27:22.236142,-46,152,0,11.71,-1036.76,99.31,-41422.50,10290.00,21997.50
2024-02-29 14:27:22.248228,-46,164,0,10.49,-1033.83,104.68,-86327.50,11637.50,16765.00
2024-02-29 14:27:22.256756,-46,222,0,10.74,-1033.22,107.85,-100887.50,11497.50,13335.00
2024-02-29 14:27:22.262056,-46,221,0,9.76,-1032.12,109.80,-93327.50,11112.50,10867.50
2024-02-29 14:27:22.273357,-46,140,0,8.78,-1028.34,109.80,-126280.00,8522.50,10535.00
2024-02-29 14:27:22.280384,-46,144,0,10.49,-1024.56,109.31,-176382.50,3115.00,11970.00
2024-02-29 14:27:22.292026,-46,221,0,13.18,-1023.82,110.04,-177082.50,-2240.00,14980.00
2024-02-29 14:27:22.299291,-46,284,0,15.74,-1023.58,109.80,-155085.00,-6580.00,16275.00
2024-02-29 14:27:22.310667,-46,298,0,21.47,-1021.63,105.90,-167842.50,-10482.50,17745.00
2024-02-29 14:27:22.318217,-46,156,0,29.16,-1016.63,102.48,-386172.50,-14507.50,33145.00
2024-02-29 14:27:22.328368,-46,222,0,28.06,-1005.52,90.65,-567840.00,-18777.50,48632.50
2024-02-29 14:27:22.335478,-46,147,0,13.91,-990.15,63.32,-573370.00,-44327.50,13055.00
2024-02-29 14:27:22.345776,-46,135,0,-5.37,-968.68,30.13,-573370.00,-10797.50,-42927.50
2024-02-29 14:27:22.353211,-46,141,0,-17.32,-943.43,-15.01,-573370.00,23537.50,-56490.00
2024-02-29 14:27:22.364364,-46,142,0,-10.25,-933.30,-68.81,-573370.00,22365.00,-57487.50
2024-02-29 14:27:22.371831,-46,222,0,4.39,-914.02,-106.26,-573370.00,19267.50,-47005.00
2024-02-29 14:27:22.382997,-46,233,0,9.03,-863.39,-121.88,-573370.00,42245.00,-46340.00
2024-02-29 14:27:22.390436,-46,141,0,10.49,-817.64,-135.42,-561575.00,76615.00,-46987.50
2024-02-29 14:27:22.401551,-46,221,0,13.42,-792.02,-261.32,-365120.00,74637.50,-28455.00
2024-02-29 14:27:22.410155,-46,222,0,15.49,-761.16,-384.67,-113155.00,-41947.50,-14665.00
2024-02-29 14:27:22.414569,-46,164,0,19.15,-716.63,-392.23,213202.50,-37747.50,-12425.00
2024-02-29 14:27:22.426134,-46,148,0,20.86,-680.39,-410.90,377002.50,-13317.50,-8452.50
2024-02-29 14:27:22.436759,-46,210,0,16.35,-657.46,-448.59,483875.00,3447.50,-3587.50
2024-02-29 14:27:22.443436,-46,213,0,7.69,-633.30,-492.64,330592.50,12705.00,-3377.50
2024-02-29 14:27:22.454134,-46,218,0,0.98,-603.66,-525.94,-20142.50,10132.50,-11410.00
2024-02-29 14:27:22.461336,-46,252,0,3.42,-580.96,-547.54,-238175.00,13790.00,-20125.00
2024-02-29 14:27:22.471665,-46,222,0,10.98,-566.69,-571.45,-276587.50,15050.00,-23345.00
2024-02-29 14:27:22.479267,-46,222,0,16.47,-552.17,-596.09,-235742.50,10465.00,-18777.50
2024-02-29 14:27:22.490366,-46,142,0,18.67,-535.58,-622.32,-127750.00,4217.50,-10167.50
2024-02-29 14:27:22.497370,-46,227,0,18.42,-515.94,-647.09,-24570.00,-805.00,-1347.50
2024-02-29 14:27:22.507762,-46,222,0,18.91,-496.66,-670.27,67077.50,-3675.00,3622.50
2024-02-29 14:27:22.514423,-46,220,0,20.50,-478.85,-690.89,127802.50,-5092.50,5320.00
2024-02-29 14:27:22.526215,-46,227,0,21.72,-461.28,-708.33,104772.50,-6650.00,4882.50
2024-02-29 14:27:22.532960,-46,228,0,22.81,-446.28,-724.68,54897.50,-7420.00,3062.50
2024-02-29 14:27:22.544639,-46,221,0,22.94,-433.34,-740.30,28595.00,-4515.00,1190.00
2024-02-29 14:27:22.550936,-46,146,0,21.35,-419.44,-754.94,-7192.50,-52.50,-1050.00
2024-02-29 14:27:22.561823,-46,213,0,20.62,-406.75,-769.09,-39795.00,2502.50,-2397.50
2024-02-29 14:27:22.568532,-46,140,0,21.72,-396.38,-782.26,-42717.50,2205.00,-2415.00
2024-02-29 14:27:22.579148,-46,219,0,22.94,-386.62,-794.95,-26407.50,420.00,-1417.50
2024-02-29 14:27:22.591155,-46,220,0,23.18,-376.49,-807.40,-5862.50,-787.50,-437.50
2024-02-29 14:27:22.595550,-46,222,0,23.18,-366.61,-819.11,15907.50,-490.00,-350.00
2024-02-29 14:27:22.609261,-46,221,0,23.42,-357.58,-829.36,21437.50,-350.00,-420.00
2024-02-29 14:27:22.615401,-46,217,0,23.79,-349.53,-838.51,6457.50,-437.50,-280.00
2024-02-29 14:27:22.626361,-46,206,0,24.16,-341.97,-847.17,-9660.00,-105.00,-35.00
2024-02-29 14:27:22.632484,-46,152,0,24.40,-334.40,-855.95,-9292.50,157.50,-280.00
2024-02-29 14:27:22.644321,-46,199,0,24.52,-327.20,-864.13,-840.00,-105.00,-402.50
2024-02-29 14:27:22.650372,-46,219,0,24.77,-320.74,-871.81,3552.50,-350.00,-332.50
2024-02-29 14:27:22.662348,-46,222,0,24.89,-314.76,-878.77,3867.50,-297.50,-420.00
2024-02-29 14:27:22.668465,-46,298,0,25.13,-309.15,-885.23,1785.00,-262.50,-367.50
2024-02-29 14:27:22.678385,-46,219,0,25.38,-303.90,-891.33,-1120.00,-280.00,-262.50
2024-02-29 14:27:22.690279,-46,221,0,25.62,-299.02,-897.19,-2712.50,-157.50,-227.50
2024-02-29 14:27:22.696461,-46,133,0,25.86,-294.26,-902.80,-1645.00,-87.50,-280.00
2024-02-29 14:27:22.707362,-46,221,0,26.11,-289.87,-907.92,1190.00,-140.00,-350.00
2024-02-29 14:27:22.713273,-46,218,0,26.23,-285.72,-912.80,2537.50,-262.50,-420.00
2024-02-29 14:27:22.725358,-46,220,0,26.47,-281.94,-917.32,1347.50,-192.50,-402.50
2024-02-29 14:27:22.731288,-46,220,0,26.60,-278.40,-921.59,-700.00,-35.00,-297.50
2024-02-29 14:27:22.743373,-46,222,0,26.72,-275.11,-925.49,-1715.00,17.50,-350.00
2024-02-29 14:27:22.749158,-46,280,0,26.96,-271.94,-929.27,-1155.00,-35.00,-350.00
2024-02-29 14:27:22.761322,-46,219,0,27.08,-268.89,-932.81,490.00,-35.00,-507.50
2024-02-29 14:27:22.767073,-46,221,0,27.33,-266.08,-935.98,1732.50,-17.50,-472.50
2024-02-29 14:27:22.779175,-46,151,0,27.33,-263.52,-939.03,1120.00,-52.50,-350.00
2024-02-29 14:27:22.784771,-46,239,0,27.45,-261.08,-941.84,-350.00,70.00,-332.50
2024-02-29 14:27:22.797134,-46,221,0,27.57,-258.76,-944.52,-1592.50,35.00,-315.00
2024-02-29 14:27:22.802833,-46,219,0,27.69,-256.44,-947.09,-1085.00,87.50,-315.00
2024-02-29 14:27:22.815279,-46,220,0,27.82,-254.25,-949.40,577.50,175.00,-437.50
2024-02-29 14:27:22.820775,-46,221,0,27.69,-252.17,-951.60,1662.50,87.50,-437.50
2024-02-29 14:27:22.831370,-46,222,0,27.69,-250.34,-953.43,507.50,-87.50,-262.50
2024-02-29 14:27:22.843704,-46,222,0,27.57,-248.64,-955.26,-385.00,-52.50,-350.00
2024-02-29 14:27:22.849696,-46,224,0,27.57,-246.81,-956.97,-262.50,-105.00,-385.00
2024-02-29 14:27:22.861630,-46,241,0,27.57,-245.34,-958.55,-525.00,-210.00,-280.00
2024-02-29 14:27:22.867599,-46,229,0,27.57,-243.88,-960.38,-192.50,-140.00,-367.50
2024-02-29 14:27:22.879616,-46,144,0,27.57,-242.54,-961.85,1207.50,-52.50,-455.00
2024-02-29 14:27:22.885466,-46,220,0,27.57,-241.32,-963.07,1102.50,-157.50,-350.00
2024-02-29 14:27:22.896590,-46,219,0,27.57,-240.22,-964.41,-17.50,-175.00,-262.50
2024-02-29 14:27:22.902603,-46,252,0,27.57,-239.12,-965.51,-332.50,-140.00,-245.00
2024-02-29 14:27:22.914597,-46,218,0,27.69,-238.14,-966.61,210.00,-192.50,-350.00
2024-02-29 14:27:22.920309,-46,222,0,27.82,-237.17,-967.83,-17.50,-245.00,-332.50
2024-02-29 14:27:22.930881,-46,220,0,27.82,-236.19,-968.92,787.50,-87.50,-350.00
2024-02-29 14:27:22.943164,-46,220,0,28.06,-235.46,-969.78,612.50,-227.50,-367.50
2024-02-29 14:27:22.948962,-46,236,0,28.18,-234.61,-970.63,-17.50,-175.00,-315.00
2024-02-29 14:27:22.960026,-46,218,0,28.30,-233.75,-971.61,-175.00,-140.00,-315.00
2024-02-29 14:27:22.965840,-46,221,0,28.55,-233.14,-972.34,280.00,-175.00,-332.50
2024-02-29 14:27:22.976457,-46,217,0,28.55,-232.41,-973.07,280.00,-227.50,-280.00
2024-02-29 14:27:22.987740,-46,224,0,28.55,-231.80,-973.80,227.50,-105.00,-350.00
2024-02-29 14:27:22.993456,-46,221,0,28.67,-231.19,-974.41,525.00,-192.50,-385.00
2024-02-29 14:27:23.005679,-46,150,0,28.67,-230.58,-975.02,105.00,-262.50,-332.50
2024-02-29 14:27:23.011426,-46,224,0,28.55,-230.09,-975.63,297.50,-105.00,-332.50
2024-02-29 14:27:23.022165,-46,222,0,28.55,-229.60,-976.12,-52.50,-297.50,-280.00
2024-02-29 14:27:23.034299,-46,223,0,28.55,-229.12,-976.73,-140.00,-227.50,-315.00
2024-02-29 14:27:23.039959,-46,220,0,28.43,-228.63,-977.34,0.00,-210.00,-280.00
2024-02-29 14:27:23.051121,-46,250,0,28.43,-228.14,-977.71,752.50,-105.00,-402.50
2024-02-29 14:27:23.056969,-46,218,0,28.43,-227.65,-978.20,-105.00,-245.00,-315.00
2024-02-29 14:27:23.069141,-46,141,0,28.30,-227.29,-978.68,-542.50,-175.00,-297.50
2024-02-29 14:27:23.075115,-46,213,0,28.43,-226.92,-979.05,385.00,-157.50,-402.50
2024-02-29 14:27:23.086072,-46,221,0,28.30,-226.55,-979.42,752.50,-175.00,-490.00
2024-02-29 14:27:23.091764,-46,218,0,28.43,-226.19,-979.66,-87.50,-297.50,-262.50
2024-02-29 14:27:23.102386,-46,238,0,28.43,-225.94,-980.15,70.00,-210.00,-367.50
2024-02-29 14:27:23.113697,-46,245,0,28.55,-225.58,-980.39,472.50,-227.50,-332.50
2024-02-29 14:27:23.119405,-46,222,0,28.55,-225.21,-980.64,-17.50,-227.50,-280.00
2024-02-29 14:27:23.131707,-46,221,0,28.79,-224.97,-980.88,35.00,-157.50,-280.00
2024-02-29 14:27:23.137187,-46,221,0,28.79,-224.72,-981.12,525.00,-87.50,-385.00
2024-02-29 14:27:23.146915,-46,147,0,28.91,-224.48,-981.37,350.00,-245.00,-332.50
2024-02-29 14:27:23.159203,-46,142,0,29.04,-224.36,-981.49,105.00,-262.50,-350.00
2024-02-29 14:27:23.165051,-46,139,0,29.04,-224.24,-981.61,245.00,-157.50,-350.00
2024-02-29 14:27:23.175393,-46,218,0,29.04,-224.11,-981.86,35.00,-262.50,-297.50
2024-02-29 14:27:23.187775,-46,298,0,29.04,-223.99,-982.10,-70.00,-140.00,-280.00
2024-02-29 14:27:23.193352,-46,222,0,28.91,-223.75,-982.22,245.00,-87.50,-332.50
2024-02-29 14:27:23.205749,-46,221,0,28.79,-223.75,-982.34,87.50,-175.00,-280.00
2024-02-29 14:27:23.211064,-46,219,0,28.79,-223.50,-982.59,0.00,-140.00,-280.00
2024-02-29 14:27:23.222645,-46,221,0,28.79,-223.38,-982.71,35.00,-52.50,-350.00
2024-02-29 14:27:23.228288,-46,197,0,28.67,-223.26,-982.83,-175.00,-192.50,-280.00
2024-02-29 14:27:23.240341,-46,221,0,28.67,-223.02,-983.08,-385.00,-245.00,-315.00
2024-02-29 14:27:23.246325,-46,221,0,28.55,-222.77,-983.20,-262.50,-175.00,-332.50
2024-02-29 14:27:23.256895,-46,220,0,28.67,-222.53,-983.32,-280.00,-140.00,-367.50
2024-02-29 14:27:23.268965,-46,219,0,28.67,-222.28,-983.56,-402.50,-157.50,-350.00
2024-02-29 14:27:23.274996,-46,218,0,28.55,-222.16,-983.56,-210.00,-105.00,-350.00
2024-02-29 14:27:23.285945,-46,240,0,28.67,-221.92,-983.69,-105.00,-192.50,-367.50
2024-02-29 14:27:23.291835,-46,220,0,28.67,-221.67,-983.81,-245.00,-262.50,-297.50
2024-02-29 14:27:23.303905,-46,131,0,28.67,-221.55,-983.93,-140.00,-245.00,-332.50
2024-02-29 14:27:23.309598,-46,222,0,28.67,-221.43,-984.05,70.00,-245.00,-437.50
2024-02-29 14:27:23.320152,-46,277,0,28.79,-221.31,-984.05,17.50,-227.50,-280.00
2024-02-29 14:27:23.332603,-46,213,0,28.79,-221.31,-984.17,17.50,-122.50,-297.50
2024-02-29 14:27:23.338253,-46,218,0,28.79,-221.19,-984.17,385.00,-140.00,-402.50
2024-02-29 14:27:23.349410,-46,222,0,28.79,-221.06,-984.17,525.00,-122.50,-315.00
2024-02-29 14:27:23.355190,-46,221,0,28.79,-221.06,-984.17,122.50,-122.50,-315.00
2024-02-29 14:27:23.367357,-46,222,0,28.79,-221.06,-984.30,17.50,-122.50,-332.50
2024-02-29 14:27:23.373016,-46,241,0,28.79,-220.94,-984.30,192.50,-157.50,-385.00
2024-02-29 14:27:23.383606,-46,221,0,28.79,-220.82,-984.42,175.00,-245.00,-367.50
2024-02-29 14:27:23.396004,-46,217,0,28.79,-220.82,-984.54,52.50,-122.50,-332.50
2024-02-29 14:27:23.401424,-46,219,0,28.79,-220.70,-984.54,87.50,-87.50,-262.50
2024-02-29 14:27:23.412711,-46,221,0,28.79,-220.70,-984.54,297.50,-175.00,-297.50
2024-02-29 14:27:23.418335,-46,225,0,28.79,-220.58,-984.54,52.50,-262.50,-280.00
2024-02-29 14:27:23.430626,-46,221,0,28.79,-220.45,-984.54,-105.00,-105.00,-297.50
2024-02-29 14:27:23.436570,-46,164,0,28.79,-220.33,-984.54,-17.50,-157.50,-315.00
2024-02-29 14:27:23.446104,-46,223,0,28.79,-220.21,-984.66,-52.50,-157.50,-402.50
2024-02-29 14:27:23.458246,-46,222,0,28.79,-220.09,-984.66,-245.00,-210.00,-420.00
2024-02-29 14:27:23.464223,-46,233,0,28.79,-219.97,-984.66,-87.50,-210.00,-385.00
2024-02-29 14:27:23.475155,-46,220,0,28.79,-219.84,-984.78,192.50,-140.00,-402.50
2024-02-29 14:27:23.480919,-46,140,0,28.79,-219.72,-984.78,157.50,-175.00,-332.50
2024-02-29 14:27:23.493102,-46,220,0,28.79,-219.60,-984.78,157.50,-175.00,-367.50
2024-02-29 14:27:23.498782,-46,238,0,28.79,-219.48,-984.91,315.00,-175.00,-367.50
2024-02-29 14:27:23.509596,-46,294,0,28.79,-219.36,-984.91,472.50,-140.00,-332.50
2024-02-29 14:27:23.521785,-46,221,0,28.67,-219.36,-984.91,332.50,-227.50,-350.00
2024-02-29 14:27:23.527509,-46,162,0,28.67,-219.23,-984.91,262.50,-105.00,-367.50
2024-02-29 14:27:23.538812,-46,234,0,28.79,-219.11,-984.91,297.50,-17.50,-385.00
2024-02-29 14:27:23.544464,-46,150,0,28.79,-219.11,-985.03,245.00,-210.00,-332.50
2024-02-29 14:27:23.556681,-46,133,0,28.79,-219.11,-985.03,52.50,-245.00,-350.00
2024-02-29 14:27:23.562422,-46,220,0,28.79,-218.99,-985.15,227.50,-227.50,-367.50
2024-02-29 14:27:23.572050,-46,220,0,28.79,-218.87,-985.15,227.50,-122.50,-350.00
2024-02-29 14:27:23.584285,-46,222,0,28.79,-218.87,-985.27,87.50,-140.00,-315.00
2024-02-29 14:27:23.590013,-46,148,0,28.79,-218.75,-985.27,192.50,-140.00,-367.50
2024-02-29 14:27:23.601240,-46,164,0,28.79,-218.62,-985.15,350.00,-70.00,-315.00
2024-02-29 14:27:23.606909,-46,221,0,28.79,-218.62,-985.15,210.00,-210.00,-297.50
2024-02-29 14:27:23.617280,-46,222,0,28.79,-218.62,-985.27,0.00,-140.00,-315.00
2024-02-29 14:27:23.629648,-46,280,0,28.79,-218.50,-985.27,262.50,-122.50,-315.00
2024-02-29 14:27:23.635361,-46,251,0,28.79,-218.50,-985.27,437.50,-175.00,-332.50
2024-02-29 14:27:23.647641,-46,223,0,28.91,-218.38,-985.27,192.50,-122.50,-280.00
2024-02-29 14:27:23.653436,-46,221,0,29.04,-218.38,-985.27,122.50,-175.00,-315.00
2024-02-29 14:27:23.664655,-46,158,0,28.91,-218.38,-985.27,455.00,-105.00,-332.50
2024-02-29 14:27:23.670316,-46,218,0,29.04,-218.38,-985.27,315.00,-192.50,-332.50
2024-02-29 14:27:23.682579,-46,220,0,29.04,-218.26,-985.27,105.00,-227.50,-350.00
2024-02-29 14:27:23.688289,-46,196,0,29.04,-218.14,-985.27,245.00,-175.00,-297.50
2024-02-29 14:27:23.698886,-46,222,0,29.04,-218.01,-985.27,245.00,-87.50,-332.50
2024-02-29 14:27:23.711258,-46,164,0,29.04,-217.89,-985.39,175.00,-140.00,-332.50
2024-02-29 14:27:23.717044,-46,221,0,29.04,-217.65,-985.39,227.50,-210.00,-315.00
2024-02-29 14:27:23.728183,-46,146,0,29.04,-217.53,-985.52,157.50,-227.50,-367.50
2024-02-29 14:27:23.733934,-46,222,0,29.04,-217.40,-985.52,297.50,-192.50,-297.50
2024-02-29 14:27:23.744653,-46,220,0,28.91,-217.28,-985.52,840.00,-122.50,-297.50
2024-02-29 14:27:23.755875,-46,220,0,28.79,-217.16,-985.52,297.50,-227.50,-332.50
2024-02-29 14:27:23.761510,-46,203,0,28.79,-217.16,-985.52,367.50,-105.00,-332.50
2024-02-29 14:27:23.773809,-46,220,0,28.79,-217.04,-985.52,805.00,-122.50,-350.00
2024-02-29 14:27:23.779635,-46,221,0,28.79,-217.04,-985.52,367.50,-210.00,-227.50
2024-02-29 14:27:23.790213,-46,218,0,28.79,-217.04,-985.52,122.50,-175.00,-262.50
2024-02-29 14:27:23.802409,-46,221,0,28.91,-217.04,-985.52,717.50,-192.50,-332.50
2024-02-29 14:27:23.808213,-46,289,0,29.04,-217.16,-985.52,717.50,-245.00,-315.00
2024-02-29 14:27:23.819404,-46,218,0,29.04,-217.16,-985.52,-17.50,-262.50,-315.00
2024-02-29 14:27:23.825288,-46,220,0,29.04,-217.16,-985.52,822.50,-157.50,-385.00
2024-02-29 14:27:23.837265,-46,147,0,29.16,-217.28,-985.39,892.50,-157.50,-315.00
2024-02-29 14:27:23.843026,-46,221,0,29.16,-217.28,-985.27,-70.00,-315.00,-367.50
2024-02-29 14:27:23.854191,-46,223,0,29.16,-217.28,-985.27,245.00,-227.50,-402.50
2024-02-29 14:27:23.859911,-46,221,0,29.28,-217.28,-985.39,647.50,-227.50,-367.50
2024-02-29 14:27:23.870625,-46,191,0,29.28,-217.40,-985.52,-122.50,-262.50,-280.00
2024-02-29 14:27:23.881953,-46,220,0,29.28,-217.40,-985.64,262.50,-70.00,-332.50
2024-02-29 14:27:23.887624,-46,221,0,29.28,-217.28,-985.64,1050.00,-175.00,-420.00
2024-02-29 14:27:23.899712,-46,221,0,29.28,-217.16,-985.39,560.00,-297.50,-367.50
2024-02-29 14:27:23.905703,-46,206,0,29.28,-217.16,-985.39,-262.50,-262.50,-280.00
2024-02-29 14:27:23.915273,-46,232,0,29.16,-217.16,-985.52,210.00,-175.00,-437.50
2024-02-29 14:27:23.927463,-46,221,0,29.04,-217.16,-985.52,945.00,-140.00,-472.50
2024-02-29 14:27:23.933190,-46,176,0,29.04,-217.04,-985.52,157.50,-245.00,-315.00
2024-02-29 14:27:23.944086,-46,221,0,29.04,-216.92,-985.52,-507.50,-315.00,-262.50
2024-02-29 14:27:23.956184,-46,220,0,29.04,-216.92,-985.64,805.00,-70.00,-420.00
2024-02-29 14:27:23.962024,-46,184,0,28.91,-216.67,-985.52,1120.00,-175.00,-420.00
2024-02-29 14:27:23.973001,-46,222,0,28.91,-216.67,-985.52,-647.50,-350.00,-227.50
2024-02-29 14:27:23.978931,-46,214,0,28.91,-216.55,-985.64,-35.00,-192.50,-350.00
2024-02-29 14:27:23.990975,-46,220,0,28.91,-216.55,-985.64,1470.00,-122.50,-490.00
2024-02-29 14:27:23.996862,-46,220,0,28.91,-216.55,-985.64,297.50,-350.00,-280.00
2024-02-29 14:27:24.007965,-46,221,0,28.79,-216.55,-985.76,-280.00,-262.50,-280.00
2024-02-29 14:27:24.014071,-46,140,0,28.79,-216.43,-985.88,1172.50,-140.00,-367.50
2024-02-29 14:27:24.024471,-46,254,0,28.79,-216.55,-985.76,612.50,-280.00,-385.00
2024-02-29 14:27:24.036711,-46,231,0,28.79,-216.55,-985.64,-332.50,-280.00,-332.50
2024-02-29 14:27:24.042606,-46,282,0,28.79,-216.55,-985.64,700.00,-175.00,-402.50
2024-02-29 14:27:24.053731,-46,220,0,28.91,-216.67,-985.64,927.50,-192.50,-315.00
2024-02-29 14:27:24.059280,-46,224,0,28.91,-216.67,-985.64,35.00,-157.50,-192.50
2024-02-29 14:27:24.071748,-46,221,0,29.04,-216.67,-985.64,647.50,-70.00,-332.50
2024-02-29 14:27:24.077437,-46,222,0,28.91,-216.79,-985.64,805.00,-245.00,-315.00
2024-02-29 14:27:24.088122,-46,221,0,28.91,-216.92,-985.76,-52.50,-175.00,-297.50
2024-02-29 14:27:24.100265,-46,255,0,28.91,-216.92,-985.76,507.50,-105.00,-367.50
2024-02-29 14:27:24.106179,-46,218,0,29.04,-216.92,-985.76,752.50,-192.50,-367.50
2024-02-29 14:27:24.117205,-46,222,0,28.91,-216.92,-985.64,-105.00,-280.00,-332.50
2024-02-29 14:27:24.123133,-46,162,0,28.91,-216.79,-985.64,122.50,-210.00,-385.00
2024-02-29 14:27:24.135290,-46,220,0,28.91,-216.67,-985.76,682.50,-87.50,-385.00
2024-02-29 14:27:24.140912,-46,222,0,28.91,-216.67,-985.76,122.50,-227.50,-280.00
2024-02-29 14:27:24.151656,-46,221,0,29.04,-216.43,-985.88,140.00,-175.00,-297.50
2024-02-29 14:27:24.163897,-46,223,0,28.91,-216.31,-985.88,770.00,-192.50,-385.00
2024-02-29 14:27:24.169658,-46,217,0,28.91,-216.31,-985.88,350.00,-192.50,-262.50
2024-02-29 14:27:24.180807,-46,220,0,28.91,-216.18,-985.88,245.00,-210.00,-280.00
2024-02-29 14:27:24.186697,-46,227,0,28.79,-216.18,-986.00,595.00,-227.50,-385.00
2024-02-29 14:27:24.198836,-46,219,0,28.79,-216.18,-985.88,542.50,-157.50,-315.00
2024-02-29 14:27:24.204560,-46,222,0,28.79,-216.06,-985.88,262.50,-175.00,-332.50
2024-02-29 14:27:24.214257,-46,167,0,28.79,-216.06,-986.00,507.50,-175.00,-315.00
2024-02-29 14:27:24.226297,-46,255,0,28.79,-216.06,-986.00,665.00,-175.00,-350.00
2024-02-29 14:27:24.232207,-46,222,0,28.79,-216.06,-986.00,560.00,-175.00,-332.50
2024-02-29 14:27:24.243230,-46,222,0,28.67,-216.18,-986.00,472.50,-262.50,-315.00
2024-02-29 14:27:24.249028,-46,220,0,28.79,-216.06,-985.88,420.00,-245.00,-315.00
2024-02-29 14:27:24.261172,-46,222,0,28.79,-216.18,-985.88,560.00,-122.50,-367.50
2024-02-29 14:27:24.266996,-46,227,0,28.79,-216.18,-985.88,560.00,-105.00,-367.50
2024-02-29 14:27:24.277716,-46,222,0,28.79,-216.31,-985.88,367.50,-210.00,-297.50
2024-02-29 14:27:24.289872,-46,221,0,28.67,-216.31,-985.88,332.50,-245.00,-402.50
2024-02-29 14:27:24.295715,-46,237,0,28.79,-216.31,-985.88,507.50,-122.50,-385.00
2024-02-29 14:27:24.306805,-46,222,0,28.79,-216.31,-985.88,472.50,-210.00,-280.00
2024-02-29 14:27:24.312616,-46,218,0,28.91,-216.18,-985.88,245.00,-210.00,-297.50
2024-02-29 14:27:24.324780,-46,221,0,28.91,-216.18,-985.88,455.00,-245.00,-297.50
2024-02-29 14:27:24.330525,-46,222,0,28.91,-216.18,-985.76,490.00,-175.00,-385.00
2024-02-29 14:27:24.340199,-46,228,0,29.04,-216.18,-985.88,297.50,-140.00,-297.50
2024-02-29 14:27:24.352439,-46,219,0,28.91,-216.18,-985.88,455.00,-192.50,-297.50
2024-02-29 14:27:24.358114,-46,221,0,28.91,-216.06,-985.88,455.00,-175.00,-332.50
2024-02-29 14:27:24.369336,-46,261,0,28.79,-215.94,-985.88,227.50,-175.00,-332.50
2024-02-29 14:27:24.375185,-46,223,0,28.67,-215.94,-985.88,385.00,-122.50,-297.50
2024-02-29 14:27:24.385749,-46,151,0,28.67,-215.94,-985.88,560.00,-87.50,-297.50
2024-02-29 14:27:24.396996,-46,221,0,28.55,-215.94,-985.88,262.50,-140.00,-367.50
2024-02-29 14:27:24.402733,-46,222,0,28.55,-215.94,-986.00,227.50,-210.00,-332.50
2024-02-29 14:27:24.415054,-46,145,0,28.55,-215.82,-985.88,682.50,-175.00,-420.00
2024-02-29 14:27:24.420838,-46,145,0,28.67,-215.82,-985.88,420.00,-280.00,-245.00
2024-02-29 14:27:24.431300,-46,279,0,28.67,-215.82,-985.88,245.00,-140.00,-262.50
2024-02-29 14:27:24.443667,-46,222,0,28.67,-215.82,-985.88,682.50,-122.50,-350.00
2024-02-29 14:27:24.449472,-46,143,0,28.79,-215.82,-985.88,525.00,-175.00,-332.50
2024-02-29 14:27:24.460648,-46,222,0,28.79,-215.82,-985.76,245.00,-175.00,-367.50
2024-02-29 14:27:24.466414,-46,232,0,28.79,-215.82,-985.76,437.50,-105.00,-280.00
2024-02-29 14:27:24.478568,-46,304,0,28.79,-215.82,-985.76,507.50,-175.00,-297.50
2024-02-29 14:27:24.484292,-46,218,0,28.79,-215.82,-985.76,227.50,-175.00,-367.50
2024-02-29 14:27:24.495033,-46,300,0,28.79,-215.94,-985.76,367.50,-175.00,-367.50
2024-02-29 14:27:24.507210,-46,221,0,28.91,-215.94,-985.76,507.50,-210.00,-350.00
2024-02-29 14:27:24.513013,-46,136,0,28.91,-215.82,-985.76,262.50,-192.50,-332.50
2024-02-29 14:27:24.524154,-46,221,0,28.91,-215.82,-985.76,402.50,-105.00,-367.50
2024-02-29 14:27:24.529914,-46,220,0,28.91,-215.70,-985.88,525.00,-210.00,-297.50
2024-02-29 14:27:24.542172,-46,211,0,28.79,-215.70,-985.88,332.50,-122.50,-297.50
2024-02-29 14:27:24.547995,-46,218,0,28.79,-215.70,-985.76,297.50,-140.00,-280.00
2024-02-29 14:27:24.560145,-46,227,0,28.79,-215.70,-985.76,385.00,-175.00,-297.50
2024-02-29 14:27:24.565843,-46,225,0,28.79,-215.70,-985.88,367.50,-210.00,-367.50
2024-02-29 14:27:24.577039,-46,220,0,28.79,-215.57,-985.88,402.50,-122.50,-297.50
2024-02-29 14:27:24.582735,-46,217,0,28.79,-215.57,-985.88,455.00,-140.00,-350.00
2024-02-29 14:27:24.594425,-46,271,0,28.79,-215.45,-985.88,472.50,-192.50,-385.00
2024-02-29 14:27:24.605728,-46,222,0,28.79,-215.57,-985.88,420.00,-140.00,-332.50
2024-02-29 14:27:24.611401,-46,161,0,28.79,-215.45,-985.88,402.50,-140.00,-367.50
2024-02-29 14:27:24.623650,-46,257,0,28.91,-215.57,-985.88,455.00,-157.50,-367.50
2024-02-29 14:27:24.629287,-46,223,0,28.91,-215.45,-985.76,542.50,-122.50,-297.50
2024-02-29 14:27:24.639050,-46,300,0,28.91,-215.57,-985.76,455.00,-210.00,-315.00
2024-02-29 14:27:24.651384,-46,221,0,28.79,-215.57,-985.88,332.50,-280.00,-315.00
2024-02-29 14:27:24.657088,-46,221,0,28.79,-215.70,-985.88,507.50,-157.50,-315.00
2024-02-29 14:27:24.668272,-46,222,0,28.79,-215.70,-986.00,402.50,-140.00,-332.50
2024-02-29 14:27:24.673988,-46,222,0,28.79,-215.70,-986.00,350.00,-227.50,-437.50
2024-02-29 14:27:24.686324,-46,221,0,28.79,-215.70,-986.00,437.50,-70.00,-385.00
2024-02-29 14:27:24.692125,-46,223,0,28.79,-215.70,-986.00,402.50,-140.00,-350.00
2024-02-29 14:27:24.702585,-46,222,0,28.79,-215.70,-986.00,297.50,-210.00,-245.00
2024-02-29 14:27:24.714818,-46,220,0,28.91,-215.57,-986.00,350.00,-140.00,-245.00
2024-02-29 14:27:24.720552,-46,222,0,29.04,-215.45,-986.00,542.50,-210.00,-315.00
2024-02-29 14:27:24.731670,-46,218,0,29.04,-215.45,-986.00,455.00,-210.00,-315.00
2024-02-29 14:27:24.737399,-46,222,0,29.04,-215.33,-986.00,332.50,-192.50,-227.50
2024-02-29 14:27:24.749659,-46,220,0,28.91,-215.33,-986.00,560.00,-245.00,-315.00
2024-02-29 14:27:24.755403,-46,218,0,28.91,-215.33,-985.88,577.50,-227.50,-385.00
2024-02-29 14:27:24.766116,-46,221,0,28.91,-215.33,-985.88,297.50,-227.50,-367.50
2024-02-29 14:27:24.778364,-46,140,0,28.91,-215.21,-985.88,350.00,-227.50,-315.00
2024-02-29 14:27:24.784060,-46,230,0,28.79,-214.96,-985.27,1312.50,-35.00,-402.50
2024-02-29 14:27:24.795297,-46,220,0,29.04,-215.21,-986.00,-2695.00,-770.00,-140.00
2024-02-29 14:27:24.801169,-46,143,0,28.91,-215.09,-987.10,-3675.00,-245.00,17.50
2024-02-29 14:27:24.812310,-46,222,0,28.55,-214.48,-985.76,5442.50,1347.50,-1890.00
2024-02-29 14:27:24.818379,-46,222,0,28.79,-215.21,-985.27,-6195.00,-892.50,157.50
2024-02-29 14:27:24.830347,-46,145,0,29.28,-215.82,-986.61,-4077.50,-1435.00,962.50
2024-02-29 14:27:24.834776,-46,283,0,28.43,-214.60,-986.61,9467.50,1085.00,-1662.50
2024-02-29 14:27:24.847200,-46,222,0,28.18,-214.48,-985.64,-4970.00,385.00,-437.50
2024-02-29 14:27:24.859329,-46,221,0,29.04,-215.45,-985.88,-3902.50,-1190.00,157.50
2024-02-29 14:27:24.865168,-46,218,0,29.04,-215.21,-986.25,927.50,105.00,-612.50
2024-02-29 14:27:24.877425,-46,222,0,28.79,-214.72,-986.13,2275.00,192.50,-560.00
2024-02-29 14:27:24.883215,-46,285,0,28.79,-214.72,-986.00,-280.00,-595.00,-35.00
2024-02-29 14:27:24.895573,-46,188,0,28.91,-214.60,-986.00,315.00,17.50,-455.00
2024-02-29 14:27:24.901131,-46,242,0,29.04,-214.60,-986.00,2345.00,-105.00,-472.50
2024-02-29 14:27:24.913285,-46,221,0,29.04,-214.60,-986.13,-1610.00,-542.50,-35.00
2024-02-29 14:27:24.919121,-46,221,0,29.04,-214.35,-986.00,1505.00,262.50,-630.00
2024-02-29 14:27:24.930192,-46,218,0,29.04,-214.23,-985.88,332.50,-332.50,-262.50
2024-02-29 14:27:24.936410,-46,221,0,29.04,-214.23,-986.13,-1155.00,-437.50,-122.50
2024-02-29 14:27:24.948393,-46,221,0,29.04,-213.99,-986.00,2642.50,280.00,-612.50
2024-02-29 14:27:24.954192,-46,223,0,29.04,-213.87,-985.88,840.00,-437.50,-192.50
2024-02-29 14:27:24.966214,-46,221,0,29.04,-213.87,-986.00,-1435.00,-385.00,-122.50
2024-02-29 14:27:24.977134,-46,259,0,29.04,-213.74,-986.00,1820.00,87.50,-577.50
2024-02-29 14:27:24.982986,-46,222,0,29.04,-213.74,-986.00,1260.00,-297.50,-367.50
2024-02-29 14:27:24.993963,-46,143,0,29.04,-213.87,-986.00,-1137.50,-262.50,-262.50
2024-02-29 14:27:24.999834,-46,137,0,28.91,-213.74,-986.13,1277.50,35.00,-385.00
2024-02-29 14:27:25.012011,-46,221,0,28.79,-213.87,-986.13,1330.00,-210.00,-332.50
2024-02-29 14:27:25.018097,-46,216,0,28.79,-213.74,-986.00,-385.00,-157.50,-402.50
2024-02-29 14:27:25.030040,-46,220,0,28.79,-213.74,-986.00,805.00,-70.00,-455.00
2024-02-29 14:27:25.035697,-46,289,0,28.79,-213.74,-986.00,192.50,-192.50,-245.00
