Time,x,y,pressure,accel_x,accel_y,accel_z,gyro_x,gyro_y,gyro_z
2024-02-29 14:40:52.638399,137,61,754,-675.76,-169.70,-719.31,-41300.00,-14560.00,-11952.50
2024-02-29 14:40:52.648956,137,62,596,-675.15,-161.89,-688.57,-36610.00,-3675.00,-5477.50
2024-02-29 14:40:52.656665,137,62,552,-680.03,-137.86,-667.83,-25655.00,26267.50,-15225.00
2024-02-29 14:40:52.666635,138,62,0,-687.96,-129.81,-684.18,-17552.50,16030.00,-15400.00
2024-02-29 14:40:52.674202,138,63,526,-696.13,-128.59,-696.25,-10115.00,8785.00,3570.00
2024-02-29 14:40:52.685099,139,64,530,-703.94,-105.04,-703.33,5512.50,2625.00,2275.00
2024-02-29 14:40:52.691856,139,65,512,-710.28,-86.74,-707.23,20790.00,-1172.50,-3955.00
2024-02-29 14:40:52.703462,140,67,499,-714.43,-83.81,-711.75,27825.00,-4497.50,3027.50
2024-02-29 14:40:52.710180,141,68,0,-717.48,-80.89,-715.77,34107.50,-7105.00,8977.50
2024-02-29 14:40:52.721876,142,70,480,-719.56,-76.37,-720.41,40372.50,-9712.50,11760.00
2024-02-29 14:40:52.728932,142,72,478,-720.29,-73.57,-724.92,45972.50,-12495.00,11795.00
2024-02-29 14:40:52.740344,143,73,480,-719.07,-76.13,-728.71,48072.50,-14595.00,12250.00
2024-02-29 14:40:52.749026,144,76,477,-716.75,-82.72,-731.63,44782.50,-16222.50,12810.00
2024-02-29 14:40:52.754827,145,77,495,-714.07,-89.43,-731.76,41912.50,-16922.50,13492.50
2024-02-29 14:40:52.765613,145,82,0,-711.99,-96.87,-732.24,39760.00,-16712.50,11217.50
2024-02-29 14:40:52.773011,146,80,503,-711.50,-113.70,-739.56,37975.00,-20055.00,15680.00
2024-02-29 14:40:52.784200,147,83,483,-712.60,-127.00,-739.32,35437.50,-23432.50,24395.00
2024-02-29 14:40:52.791713,148,82,0,-713.09,-128.47,-724.19,35822.50,-12162.50,20912.50
2024-02-29 14:40:52.802888,148,86,509,-711.63,-127.86,-698.08,35402.50,3920.00,18462.50
2024-02-29 14:40:52.810028,149,88,495,-708.82,-123.95,-666.85,38255.00,29557.50,13440.00
2024-02-29 14:40:52.821492,149,90,495,-703.57,-123.10,-650.26,41877.50,48772.50,9310.00
2024-02-29 14:40:52.829982,150,91,514,-696.86,-130.05,-649.89,42927.50,54180.00,14297.50
2024-02-29 14:40:52.835704,151,93,586,-690.89,-133.71,-648.80,44817.50,57487.50,20440.00
2024-02-29 14:40:52.846670,80,195,0,-686.62,-129.08,-646.48,45255.00,61775.00,19022.50
2024-02-29 14:40:52.854133,-46,202,0,-683.20,-124.32,-654.29,41597.50,58555.00,13790.00
2024-02-29 14:40:52.865404,-46,142,0,-680.88,-125.90,-673.20,34737.50,46112.50,12215.00
2024-02-29 14:40:52.872702,-46,271,0,-679.66,-131.27,-696.13,27230.00,27580.00,13142.50
2024-02-29 14:40:52.883069,-46,163,0,-678.08,-137.62,-713.70,19617.50,10745.00,13632.50
2024-02-29 14:40:52.890067,-46,212,0,-676.12,-143.72,-722.48,11777.50,840.00,13527.50
2024-02-29 14:40:52.900602,-46,266,0,-673.81,-150.30,-727.61,5022.50,-5512.50,12582.50
2024-02-29 14:40:52.907874,-46,138,0,-671.73,-158.84,-730.90,-1995.00,-10255.00,14140.00
2024-02-29 14:40:52.918428,-46,214,0,-670.88,-166.65,-731.02,-7962.50,-12530.00,17062.50
2024-02-29 14:40:52.929128,-46,136,0,-671.24,-170.80,-729.56,-12040.00,-12495.00,18182.50
2024-02-29 14:40:52.937028,-46,215,0,-672.46,-172.14,-729.68,-14472.50,-13142.50,17762.50
2024-02-29 14:40:52.946745,-46,214,0,-674.17,-171.90,-732.98,-16957.50,-16695.00,16590.00
2024-02-29 14:40:52.954660,-46,227,0,-677.95,-169.09,-730.66,-19022.50,-21875.00,14087.50
2024-02-29 14:40:52.964467,-46,214,0,-684.54,-157.38,-699.30,-8872.50,-17.50,7420.00
2024-02-29 14:40:52.971154,-46,216,0,-693.20,-149.94,-695.40,822.50,18620.00,-2677.50
2024-02-29 14:40:52.982694,-46,220,0,-699.06,-149.45,-715.53,175.00,927.50,3307.50
2024-02-29 14:40:52.987063,-46,211,0,-701.01,-140.79,-713.82,2992.50,1155.00,-787.50
2024-02-29 14:40:52.999886,-46,213,0,-702.72,-133.10,-713.58,5740.00,192.50,-6650.00
2024-02-29 14:40:53.006635,-46,215,0,-705.28,-130.54,-715.16,4497.50,-1085.00,-9467.50
2024-02-29 14:40:53.017592,-46,215,0,-709.55,-128.10,-722.73,2572.50,-6912.50,-13317.50
2024-02-29 14:40:53.029169,-46,144,0,-714.68,-125.66,-733.34,105.00,-15872.50,-19127.50
2024-02-29 14:40:53.037870,-46,153,0,-718.70,-120.66,-743.59,-4042.50,-26477.50,-29032.50
2024-02-29 14:40:53.044125,-46,196,0,-718.70,-118.10,-748.96,-10675.00,-34457.50,-41912.50
2024-02-29 14:40:53.054578,-46,215,0,-715.04,-121.27,-747.13,-16432.50,-37047.50,-49157.50
2024-02-29 14:40:53.062554,-46,215,0,-710.89,-126.39,-742.86,-18305.00,-35612.50,-53742.50
2024-02-29 14:40:53.073030,-46,212,0,-708.21,-132.86,-742.00,-16240.00,-35822.50,-55090.00
2024-02-29 14:40:53.083528,-46,298,0,-706.38,-143.23,-742.61,-11760.00,-37222.50,-52132.50
2024-02-29 14:40:53.090332,-46,215,0,-705.89,-154.70,-741.15,-7857.50,-36890.00,-41160.00
2024-02-29 14:40:53.101794,-46,216,0,-706.38,-161.04,-736.51,-4007.50,-35297.50,-30695.00
2024-02-29 14:40:53.110410,-46,215,0,-705.28,-162.14,-727.24,245.00,-30940.00,-23240.00
2024-02-29 14:40:53.116508,-46,216,0,-703.94,-162.02,-719.31,4025.00,-23957.50,-17412.50
2024-02-29 14:40:53.126379,-46,292,0,-703.82,-161.89,-716.75,5250.00,-21402.50,-11322.50
2024-02-29 14:40:53.135900,131,64,0,-703.45,-159.70,-714.92,7227.50,-19495.00,-6877.50
2024-02-29 14:40:53.143281,130,65,554,-702.60,-158.72,-712.97,9467.50,-16450.00,-2555.00
2024-02-29 14:40:53.153342,130,63,0,-701.74,-166.41,-710.04,13247.50,-12915.00,7245.00
2024-02-29 14:40:53.160667,129,63,511,-701.74,-178.12,-704.31,18235.00,-7560.00,25060.00
2024-02-29 14:40:53.171131,126,63,497,-701.87,-178.85,-691.13,23887.50,1872.50,34177.50
2024-02-29 14:40:53.182022,124,62,475,-700.04,-176.66,-678.81,27632.50,15662.50,34125.00
2024-02-29 14:40:53.189312,123,62,472,-696.86,-179.58,-672.22,26320.00,21280.00,39515.00
2024-02-29 14:40:53.199605,120,78,0,-696.25,-174.58,-654.77,28490.00,33775.00,40425.00
2024-02-29 14:40:53.206939,118,62,0,-698.69,-161.77,-634.03,31412.50,51747.50,31657.50
2024-02-29 14:40:53.218245,114,62,487,-700.77,-158.36,-632.94,32480.00,55930.00,24587.50
2024-02-29 14:40:53.225518,112,62,471,-699.91,-166.90,-648.06,28192.50,45640.00,27632.50
2024-02-29 14:40:53.236885,108,62,481,-697.60,-176.17,-661.97,20422.50,33022.50,32812.50
2024-02-29 14:40:53.245489,105,62,473,-695.89,-180.93,-670.39,11112.50,24780.00,34772.50
2024-02-29 14:40:53.250994,101,61,464,-695.52,-183.85,-682.22,175.00,14385.00,32987.50
2024-02-29 14:40:53.261199,98,60,464,-695.64,-188.37,-698.08,-9800.00,-105.00,31220.00
2024-02-29 14:40:53.272976,96,62,482,-696.01,-194.59,-709.06,-15890.00,-11672.50,32165.00
2024-02-29 14:40:53.281609,93,62,472,-697.11,-196.42,-709.80,-18007.50,-18252.50,32445.00
2024-02-29 14:40:53.285975,90,62,478,-701.50,-183.61,-683.93,-8487.50,-6125.00,21490.00
2024-02-29 14:40:53.298177,89,62,0,-705.89,-174.70,-666.12,3640.00,18305.00,5110.00
2024-02-29 14:40:53.304863,86,63,488,-708.58,-177.63,-674.78,980.00,11427.50,7140.00
2024-02-29 14:40:53.316594,84,63,499,-712.11,-169.09,-683.57,-507.50,7070.00,2572.50
2024-02-29 14:40:53.323475,82,64,486,-716.02,-156.40,-694.18,-175.00,-1365.00,-10027.50
2024-02-29 14:40:53.334910,81,64,523,-719.19,-151.77,-701.62,1032.50,-7892.50,-15750.00
2024-02-29 14:40:53.342405,80,65,529,-721.75,-148.11,-706.99,1435.00,-12862.50,-20072.50
2024-02-29 14:40:53.353443,80,65,557,-723.46,-144.81,-712.97,70.00,-18095.00,-26390.00
2024-02-29 14:40:53.360834,80,66,0,-723.95,-146.03,-718.46,-3972.50,-24062.50,-30905.00
2024-02-29 14:40:53.371963,80,67,597,-724.44,-146.77,-722.61,-6440.00,-27615.00,-32252.50
2024-02-29 14:40:53.379819,80,68,681,-724.68,-145.18,-725.66,-7192.50,-32532.50,-38430.00
2024-02-29 14:40:53.389553,-46,195,0,-724.07,-148.47,-726.75,-4515.00,-35332.50,-41440.00
2024-02-29 14:40:53.397383,-46,199,0,-723.46,-154.21,-728.83,-3150.00,-38220.00,-40005.00
2024-02-29 14:40:53.408184,-46,200,0,-722.73,-158.23,-729.80,-1942.50,-41160.00,-39812.50
2024-02-29 14:40:53.415995,-46,206,0,-722.36,-162.50,-727.85,-3272.50,-42000.00,-37065.00
2024-02-29 14:40:53.425771,-46,210,0,-722.24,-165.31,-723.95,-2642.50,-41930.00,-34510.00
2024-02-29 14:40:53.433450,-46,220,0,-722.24,-168.24,-718.82,157.50,-39742.50,-28752.50
2024-02-29 14:40:53.443373,-46,138,0,-722.24,-171.17,-712.36,3307.50,-36890.00,-21910.00
2024-02-29 14:40:53.450841,-46,290,0,-721.87,-173.36,-704.67,3815.00,-32287.50,-15925.00
2024-02-29 14:40:53.461896,-46,258,0,-721.51,-173.24,-699.18,3885.00,-28122.50,-10937.50
2024-02-29 14:40:53.469376,-46,121,0,-721.26,-171.65,-695.89,2135.00,-25620.00,-7787.50
2024-02-29 14:40:53.480454,-46,213,0,-721.51,-173.48,-693.08,1400.00,-22137.50,-2222.50
2024-02-29 14:40:53.487711,-46,213,0,-722.48,-182.02,-691.25,6195.00,-19915.00,8312.50
2024-02-29 14:40:53.498954,-46,211,0,-724.19,-188.12,-677.95,17552.50,-12565.00,20685.00
2024-02-29 14:40:53.507534,-46,233,0,-726.02,-188.73,-659.53,27300.00,5180.00,25130.00
2024-02-29 14:40:53.513321,-46,266,0,-729.07,-184.59,-647.94,30660.00,12810.00,27685.00
2024-02-29 14:40:53.523366,-46,136,0,-733.59,-172.14,-633.67,35070.00,21122.50,18427.50
2024-02-29 14:40:53.535180,109,70,709,-734.44,-167.14,-623.18,35455.00,29575.00,8050.00
2024-02-29 14:40:53.543791,109,70,0,-731.76,-176.53,-628.42,28822.50,26775.00,10482.50
2024-02-29 14:40:53.549457,109,67,0,-728.71,-187.39,-641.11,20877.50,15067.50,16222.50
2024-02-29 14:40:53.560383,109,69,0,-725.66,-195.32,-648.80,13702.50,5827.50,18620.00
2024-02-29 14:40:53.567168,109,70,491,-722.24,-203.86,-653.19,6667.50,105.00,20720.00
2024-02-29 14:40:53.578865,109,69,0,-718.21,-214.72,-661.97,-2450.00,-8872.50,25637.50
2024-02-29 14:40:53.586471,109,70,448,-714.55,-223.26,-673.32,-13300.00,-21420.00,32165.00
2024-02-29 14:40:53.597464,108,72,453,-713.82,-220.70,-674.54,-20072.50,-30712.50,31622.50
2024-02-29 14:40:53.605300,108,72,0,-719.80,-202.76,-630.13,-10517.50,-10342.50,16117.50
2024-02-29 14:40:53.615153,108,70,0,-727.73,-191.54,-602.07,192.50,27685.00,-525.00
2024-02-29 14:40:53.621947,108,73,454,-733.34,-190.56,-624.40,-3955.00,14017.50,-542.50
2024-02-29 14:40:53.633498,108,74,444,-738.59,-180.80,-641.48,-1487.50,892.50,-9380.00
2024-02-29 14:40:53.640239,108,75,445,-742.00,-174.70,-650.38,70.00,-7017.50,-17955.00
2024-02-29 14:40:53.651753,109,77,437,-744.57,-176.53,-658.07,-787.50,-11252.50,-18077.50
2024-02-29 14:40:53.659519,109,78,456,-746.52,-176.05,-668.44,-1960.00,-18952.50,-19722.50
2024-02-29 14:40:53.670326,110,82,0,-747.49,-175.92,-673.44,-3080.00,-23100.00,-20282.50
2024-02-29 14:40:53.678301,110,81,466,-748.47,-176.90,-674.17,-1557.50,-23940.00,-16607.50
2024-02-29 14:40:53.687929,110,80,0,-748.84,-177.75,-672.22,1067.50,-23485.00,-12722.50
2024-02-29 14:40:53.695357,111,84,488,-748.59,-179.34,-666.97,4427.50,-20160.00,-7157.50
2024-02-29 14:40:53.705481,111,85,0,-748.71,-178.24,-655.14,11042.50,-12985.00,-4060.00
2024-02-29 14:40:53.712599,111,87,513,-748.35,-180.68,-640.62,17500.00,805.00,-857.50
2024-02-29 14:40:53.722924,110,84,0,-747.86,-185.20,-630.37,21647.50,10115.00,8400.00
2024-02-29 14:40:53.730140,73,197,0,-748.23,-180.07,-613.42,30677.50,22522.50,10762.50
2024-02-29 14:40:53.741549,-46,200,0,-746.52,-175.44,-594.38,38920.00,41597.50,7070.00
2024-02-29 14:40:53.748761,-46,204,0,-740.05,-183.98,-589.75,41037.50,52167.50,12477.50
2024-02-29 14:40:53.760141,-46,209,0,-731.02,-197.76,-594.87,40005.00,53567.50,23292.50
2024-02-29 14:40:53.767532,-46,213,0,-726.63,-206.42,-600.85,32602.50,51275.00,31045.00
2024-02-29 14:40:53.778774,-46,215,0,-725.41,-211.06,-614.76,21875.00,39497.50,30800.00
2024-02-29 14:40:53.785946,-46,221,0,-721.39,-223.63,-638.91,7822.50,17097.50,32112.50
2024-02-29 14:40:53.796376,-46,132,0,-715.90,-244.12,-663.44,-12285.00,-8645.00,41807.50
2024-02-29 14:40:53.804051,-46,215,0,-718.09,-251.93,-667.10,-27702.50,-28892.50,48090.00
2024-02-29 14:40:53.814057,-46,215,0,-724.56,-228.99,-604.14,-9887.50,14000.00,26827.50
2024-02-29 14:40:53.821314,-46,170,0,-731.63,-214.84,-579.62,-4847.50,52657.50,6755.00
2024-02-29 14:40:53.832582,-46,213,0,-740.30,-218.26,-627.57,-2747.50,23205.00,14542.50
2024-02-29 14:40:53.839736,80,74,624,-744.93,-208.13,-649.04,1802.50,7840.00,14210.00
2024-02-29 14:40:53.851126,78,67,0,-746.64,-190.08,-655.51,4095.00,3552.50,7910.00
2024-02-29 14:40:53.857789,76,68,0,-747.86,-174.46,-660.75,6125.00,2205.00,-1645.00
2024-02-29 14:40:53.869590,74,67,0,-752.37,-175.19,-676.12,7087.50,-4252.50,-752.50
2024-02-29 14:40:53.876640,72,66,520,-762.38,-182.27,-697.11,8400.00,-19092.50,10132.50
2024-02-29 14:40:53.887964,72,65,512,-772.75,-176.66,-697.60,19372.50,-22400.00,12022.50
2024-02-29 14:40:53.896651,72,63,0,-777.99,-165.55,-666.85,27965.00,-7630.00,7245.00
2024-02-29 14:40:53.902404,72,66,492,-779.34,-160.06,-633.42,32200.00,19407.50,5110.00
2024-02-29 14:40:53.912362,71,66,483,-777.87,-159.70,-632.08,33302.50,27212.50,4690.00
2024-02-29 14:40:53.924139,71,67,474,-772.63,-164.94,-651.97,30082.50,11305.00,7175.00
2024-02-29 14:40:53.932726,72,69,0,-764.82,-172.75,-662.22,23957.50,-2170.00,12495.00
2024-02-29 14:40:53.938290,73,66,0,-756.03,-178.24,-661.97,17692.50,-5110.00,13947.50
2024-02-29 14:40:53.947447,74,62,0,-746.52,-185.32,-665.02,9520.00,-8680.00,11707.50
2024-02-29 14:40:53.958132,75,76,447,-735.29,-198.62,-674.54,-2555.00,-17622.50,12967.50
2024-02-29 14:40:53.965919,77,78,454,-722.97,-210.94,-684.66,-15400.00,-28507.50,15067.50
2024-02-29 14:40:53.975860,78,80,460,-711.38,-217.53,-690.28,-26250.00,-37030.00,13457.50
2024-02-29 14:40:53.983646,81,83,443,-703.21,-220.94,-691.01,-34072.50,-41667.50,11480.00
2024-02-29 14:40:53.994541,83,87,461,-703.94,-221.55,-681.98,-37957.50,-42700.00,10867.50
2024-02-29 14:40:54.002073,85,89,0,-713.94,-204.59,-619.88,-20527.50,-2992.50,6912.50
2024-02-29 14:40:54.013162,87,93,453,-726.88,-189.83,-600.61,-13807.50,37450.00,-7945.00
2024-02-29 14:40:54.020441,89,96,482,-737.12,-193.37,-645.26,-14822.50,5407.50,2135.00
2024-02-29 14:40:54.030683,91,98,508,-741.39,-181.17,-653.80,-9712.50,-5320.00,-140.00
2024-02-29 14:40:54.037897,93,100,508,-742.13,-163.85,-646.36,-7000.00,-1907.50,-13072.50
2024-02-29 14:40:54.049103,94,102,646,-743.59,-158.97,-642.70,-5180.00,1627.50,-15872.50
2024-02-29 14:40:54.056468,-46,221,0,-747.13,-154.82,-648.55,-3290.00,-1890.00,-18655.00
2024-02-29 14:40:54.067579,-46,231,0,-752.25,-155.43,-658.92,-1382.50,-9222.50,-19565.00
2024-02-29 14:40:54.075239,-46,210,0,-757.38,-160.92,-668.32,1207.50,-17430.00,-14175.00
2024-02-29 14:40:54.086219,-46,162,0,-761.77,-164.94,-672.95,4357.50,-23240.00,-8960.00
2024-02-29 14:40:54.093441,-46,216,0,-765.06,-169.34,-674.29,6317.50,-26967.50,-3622.50
2024-02-29 14:40:54.103717,-46,220,0,-767.14,-173.12,-674.29,6825.00,-28840.00,2100.00
2024-02-29 14:40:54.110566,-46,133,0,-768.11,-173.61,-675.64,5932.50,-31272.50,4585.00
2024-02-29 14:40:54.121144,-46,220,0,-768.36,-170.43,-676.12,5722.50,-34422.50,3115.00
2024-02-29 14:40:54.128305,-46,215,0,-767.62,-165.19,-673.68,5880.00,-35017.50,-997.50
2024-02-29 14:40:54.138592,-46,214,0,-767.14,-161.16,-669.41,7122.50,-35000.00,-5092.50
2024-02-29 14:40:54.146041,-46,212,0,-766.89,-162.63,-664.53,4690.00,-34405.00,-7752.50
2024-02-29 14:40:54.156382,-46,214,0,-764.94,-170.56,-657.82,-332.50,-33285.00,-6527.50
2024-02-29 14:40:54.168085,-46,229,0,-760.55,-181.29,-645.38,-5390.00,-26827.50,-4217.50
2024-02-29 14:40:54.176688,-46,216,0,-755.91,-190.44,-631.96,-9642.50,-18357.50,-2957.50
2024-02-29 14:40:54.181091,-46,130,0,-752.13,-195.69,-620.13,-10815.00,-11007.50,-4060.00
2024-02-29 14:40:54.192397,-46,171,0,-749.69,-198.01,-609.88,-9975.00,-3640.00,-6055.00
2024-02-29 14:40:54.202034,-46,141,0,-748.35,-197.64,-604.27,-7560.00,1417.50,-7525.00
2024-02-29 14:40:54.209236,-46,126,0,-747.13,-192.88,-600.61,-3972.50,4707.50,-11462.50
2024-02-29 14:40:54.219459,-46,157,0,-745.30,-183.12,-596.34,-1435.00,9345.00,-17412.50
2024-02-29 14:40:54.226797,-46,216,0,-744.20,-172.26,-592.68,3762.50,13842.50,-24447.50
2024-02-29 14:40:54.237266,-46,208,0,-745.42,-165.31,-591.70,8802.50,17762.50,-27090.00
2024-02-29 14:40:54.249029,-46,139,0,-749.45,-163.97,-597.92,10097.50,17185.00,-24570.00
2024-02-29 14:40:54.257628,-46,137,0,-755.06,-166.16,-606.10,9957.50,12530.00,-15907.50
2024-02-29 14:40:54.263628,-46,216,0,-759.45,-165.19,-609.51,10937.50,10780.00,-8977.50
2024-02-29 14:40:54.274225,-46,216,0,-763.72,-166.16,-610.73,11515.00,11025.00,-4952.50
2024-02-29 14:40:54.281093,-46,214,0,-770.31,-174.22,-618.54,9152.50,8347.50,5197.50
2024-02-29 14:40:54.292684,-46,296,0,-778.24,-182.02,-637.82,6947.50,-3762.50,14630.00
2024-02-29 14:40:54.299918,-46,280,0,-786.66,-184.22,-650.50,9030.00,-17150.00,21682.50
2024-02-29 14:40:54.311200,-46,216,0,-794.10,-179.95,-641.96,18200.00,-13387.50,21927.50
2024-02-29 14:40:54.318658,-46,215,0,-797.39,-176.78,-621.47,25200.00,-2642.50,22032.50
2024-02-29 14:40:54.328819,-46,216,0,-795.93,-176.17,-599.26,29102.50,12652.50,22627.50
2024-02-29 14:40:54.336031,-46,215,0,-789.58,-180.19,-591.21,28210.00,21647.50,22400.00
2024-02-29 14:40:54.346492,-46,236,0,-782.14,-192.27,-602.44,20212.50,13527.50,30887.50
2024-02-29 14:40:54.353429,-46,214,0,-775.31,-197.88,-616.22,13037.50,70.00,36995.00
2024-02-29 14:40:54.364033,-46,216,0,-767.87,-194.22,-623.91,6790.00,-9327.50,31692.50
2024-02-29 14:40:54.371317,-46,215,0,-758.84,-191.91,-631.59,-1050.00,-17360.00,23940.00
2024-02-29 14:40:54.382590,-46,212,0,-751.76,-191.42,-638.79,-10062.50,-28280.00,17990.00
2024-02-29 14:40:54.390173,-46,212,0,-754.69,-178.36,-597.80,-2292.50,-14192.50,4690.00
2024-02-29 14:40:54.401202,152,200,0,-762.74,-172.63,-573.16,5757.50,27912.50,-14192.50
2024-02-29 14:40:54.408398,-46,133,0,-769.82,-187.88,-606.83,-2835.00,6107.50,-5197.50
2024-02-29 14:40:54.419667,156,116,719,-775.68,-188.00,-625.01,-2835.00,-11287.50,-4445.00
2024-02-29 14:40:54.427333,156,116,0,-778.24,-177.39,-623.91,-4025.00,-15487.50,-16082.50
2024-02-29 14:40:54.438295,156,115,550,-780.31,-171.65,-620.98,-1627.50,-15015.00,-21752.50
2024-02-29 14:40:54.446051,156,115,539,-783.00,-166.53,-625.01,4410.00,-19722.50,-26827.50
2024-02-29 14:40:54.456849,156,115,503,-786.41,-166.90,-630.37,9065.00,-23852.50,-24500.00
2024-02-29 14:40:54.465403,155,116,479,-789.95,-169.58,-637.08,12652.50,-28945.00,-17675.00
2024-02-29 14:40:54.471684,155,116,0,-791.05,-171.04,-638.55,14630.00,-33337.50,-12950.00
2024-02-29 14:40:54.482100,154,117,460,-789.46,-170.92,-630.13,14560.00,-28717.50,-9677.50
2024-02-29 14:40:54.489682,153,117,449,-788.36,-170.80,-621.71,14017.50,-23380.00,-7857.50
2024-02-29 14:40:54.499617,153,117,0,-787.75,-174.83,-615.86,13212.50,-19407.50,-3220.00
2024-02-29 14:40:54.507084,151,131,0,-786.17,-184.22,-608.78,14437.50,-14140.00,5425.00
2024-02-29 14:40:54.518295,150,117,475,-783.48,-194.96,-598.29,18777.50,-6160.00,16642.50
2024-02-29 14:40:54.525365,147,119,0,-780.07,-201.30,-584.14,22715.00,3937.50,24132.50
2024-02-29 14:40:54.536809,144,119,465,-775.92,-205.81,-573.03,22347.50,14227.50,25900.00
2024-02-29 14:40:54.544104,141,135,0,-772.87,-211.55,-568.76,16957.50,19670.00,26477.50
2024-02-29 14:40:54.554476,137,119,453,-772.02,-217.16,-570.72,7105.00,20282.50,24640.00
2024-02-29 14:40:54.561607,133,122,0,-772.38,-223.75,-574.01,-1925.00,15960.00,21490.00
2024-02-29 14:40:54.572015,129,119,453,-771.53,-230.21,-568.52,-9222.50,16695.00,20807.50
2024-02-29 14:40:54.579540,125,118,459,-770.43,-230.09,-560.47,-14227.50,23275.00,19057.50
2024-02-29 14:40:54.590723,122,117,423,-771.16,-220.70,-561.57,-15697.50,23887.50,10780.00
2024-02-29 14:40:54.597935,117,116,450,-773.72,-208.38,-569.37,-14192.50,19057.50,630.00
2024-02-29 14:40:54.609308,113,115,453,-776.90,-198.13,-577.30,-10430.00,13825.00,-6422.50
2024-02-29 14:40:54.616486,109,121,0,-780.19,-190.44,-584.50,-7262.50,9887.50,-9152.50
2024-02-29 14:40:54.626699,105,114,430,-784.34,-182.51,-592.92,-5407.50,5057.50,-9975.00
2024-02-29 14:40:54.634048,102,114,429,-789.58,-173.97,-602.44,-1960.00,-1487.50,-10710.00
2024-02-29 14:40:54.645260,99,114,411,-796.17,-164.21,-613.66,3675.00,-8330.00,-11007.50
2024-02-29 14:40:54.652475,97,114,441,-803.13,-165.55,-628.42,9327.50,-19565.00,-8680.00
2024-02-29 14:40:54.663719,95,114,443,-809.10,-176.05,-635.62,12635.00,-28472.50,7752.50
2024-02-29 14:40:54.671206,93,113,453,-813.50,-171.41,-619.88,18742.50,-22067.50,13002.50
2024-02-29 14:40:54.681212,92,115,453,-814.72,-163.85,-598.04,23555.00,-6545.00,7052.50
2024-02-29 14:40:54.688082,91,115,0,-812.40,-165.68,-587.06,23940.00,1662.50,6720.00
2024-02-29 14:40:54.698598,91,115,492,-807.40,-174.83,-584.87,21017.50,3780.00,7840.00
2024-02-29 14:40:54.705645,90,116,495,-800.93,-193.00,-591.21,13142.50,-2135.00,17780.00
2024-02-29 14:40:54.715258,90,101,0,-794.71,-205.45,-597.19,4690.00,-9870.00,27790.00
2024-02-29 14:40:54.727061,90,117,0,-787.39,-204.96,-598.53,787.50,-13387.50,25322.50
2024-02-29 14:40:54.734300,92,110,0,-779.95,-202.03,-602.19,-3150.00,-17045.00,19530.00
2024-02-29 14:40:54.745587,92,135,0,-778.12,-196.18,-597.43,-5267.50,-21157.50,15225.00
2024-02-29 14:40:54.752570,-46,208,0,-783.48,-183.98,-572.30,4602.50,-542.50,2082.50
2024-02-29 14:40:54.764059,-46,211,0,-790.44,-182.76,-570.72,4760.00,8890.00,-2397.50
2024-02-29 14:40:54.770854,-46,210,0,-796.17,-187.03,-592.43,-980.00,-7262.50,1540.00
2024-02-29 14:40:54.782350,-46,214,0,-799.95,-182.15,-599.75,-5897.50,-17115.00,-4340.00
2024-02-29 14:40:54.791087,-46,190,0,-801.78,-178.36,-600.85,-10080.00,-20457.50,-11217.50
2024-02-29 14:40:54.797693,-46,252,0,-803.25,-177.14,-602.56,-12372.50,-24395.00,-16135.00
2024-02-29 14:40:54.807671,-46,215,0,-804.59,-176.78,-604.14,-13790.00,-28735.00,-20965.00
2024-02-29 14:40:54.815824,-46,216,0,-804.83,-177.63,-602.19,-12722.50,-31465.00,-22767.50
2024-02-29 14:40:54.826384,-46,216,0,-803.25,-177.39,-595.85,-10500.00,-29645.00,-24587.50
2024-02-29 14:40:54.836896,-46,138,0,-801.54,-177.02,-588.41,-7280.00,-24850.00,-23975.00
2024-02-29 14:40:54.845531,-46,141,0,-801.17,-177.14,-582.18,-2817.50,-19600.00,-19880.00
2024-02-29 14:40:54.850833,-46,135,0,-801.30,-176.05,-577.43,2782.50,-15435.00,-14822.50
2024-02-29 14:40:54.861084,-46,215,0,-800.20,-175.80,-569.37,6650.00,-10080.00,-11130.00
2024-02-29 14:40:54.872604,-46,161,0,-798.73,-172.63,-561.32,8312.50,-787.50,-7087.50
2024-02-29 14:40:54.881231,-46,216,0,-798.61,-174.95,-560.59,11567.50,1225.00,-8540.00
2024-02-29 14:40:54.886533,-46,214,0,-798.12,-196.91,-551.20,15662.50,8207.50,10500.00
2024-02-29 14:40:54.896920,-46,215,0,-798.37,-213.74,-540.46,17867.50,22207.50,34300.00
2024-02-29 14:40:54.907644,-46,215,0,-801.17,-212.77,-544.73,17955.00,21805.00,40547.50
2024-02-29 14:40:54.915013,-46,289,0,-804.47,-207.52,-550.83,19040.00,16222.50,40005.00
2024-02-29 14:40:54.925275,-46,216,0,-807.15,-204.35,-555.95,17640.00,12530.00,37695.00
2024-02-29 14:40:54.932510,-46,216,0,-809.59,-204.35,-561.81,15785.00,6842.50,37310.00
2024-02-29 14:40:54.943933,-46,216,0,-811.06,-201.42,-564.01,14595.00,2292.50,33775.00
2024-02-29 14:40:54.950626,-46,216,0,-812.15,-200.20,-564.86,7350.00,122.50,25917.50
2024-02-29 14:40:54.962402,-46,139,0,-813.01,-203.74,-567.54,-3500.00,-5827.50,20650.00
2024-02-29 14:40:54.969850,-46,190,0,-813.86,-203.13,-569.13,-11375.00,-9292.50,13510.00
2024-02-29 14:40:54.980930,-46,213,0,-815.94,-191.42,-577.67,-15750.00,-17220.00,192.50
2024-02-29 14:40:54.989540,-46,195,0,-819.11,-178.97,-585.36,-11987.50,-28262.50,-15400.00
2024-02-29 14:40:54.995839,-46,144,0,-822.16,-172.51,-590.48,-7542.50,-33547.50,-21577.50
2024-02-29 14:40:55.005622,159,143,835,-823.01,-166.04,-595.85,-2677.50,-42507.50,-27685.00
2024-02-29 14:40:55.016137,159,145,0,-822.28,-165.68,-586.70,4882.50,-39620.00,-26582.50
2024-02-29 14:40:55.023816,159,142,533,-824.48,-167.63,-573.40,16187.50,-30047.50,-14787.50
2024-02-29 14:40:55.033677,158,143,524,-828.62,-169.09,-562.66,21717.50,-27632.50,-5442.50
2024-02-29 14:40:55.041355,157,142,484,-832.65,-183.61,-559.00,29802.50,-21035.00,10762.50
2024-02-29 14:40:55.052370,156,142,0,-838.02,-211.30,-567.18,32445.00,-24062.50,39935.00
2024-02-29 14:40:55.059973,154,143,453,-843.02,-230.34,-575.60,28787.50,-28857.50,71347.50
2024-02-29 14:40:55.070973,152,138,0,-846.92,-227.90,-579.26,27265.00,-32060.00,86380.00
2024-02-29 14:40:55.078558,150,142,458,-855.95,-203.74,-553.64,35437.50,-25725.00,86765.00
2024-02-29 14:40:55.089645,148,142,441,-874.98,-159.33,-460.31,68565.00,32305.00,67970.00
2024-02-29 14:40:55.098281,144,143,439,-895.85,-121.27,-343.55,114555.00,138880.00,41685.00
2024-02-29 14:40:55.102610,142,135,0,-907.68,-112.24,-288.77,135537.50,215495.00,32480.00
2024-02-29 14:40:55.115036,139,143,432,-905.00,-122.24,-283.28,137812.50,247642.50,33512.50
2024-02-29 14:40:55.122938,136,142,0,-885.48,-142.37,-275.96,129990.00,276780.00,40442.50
2024-02-29 14:40:55.132863,132,141,0,-860.34,-156.28,-270.35,107187.50,307125.00,49665.00
2024-02-29 14:40:55.140505,128,141,443,-838.87,-147.38,-286.46,88515.00,323855.00,35175.00
2024-02-29 14:40:55.151635,125,141,432,-820.57,-138.96,-330.62,75495.00,314895.00,9222.50
2024-02-29 14:40:55.159096,121,140,451,-802.27,-145.79,-387.84,63157.50,286650.00,-5932.50
2024-02-29 14:40:55.170248,118,140,437,-782.39,-159.82,-438.22,52990.00,259752.50,-12827.50
2024-02-29 14:40:55.178067,114,128,0,-760.30,-183.98,-483.73,43382.50,233047.50,-9432.50
2024-02-29 14:40:55.189004,110,142,0,-738.34,-204.84,-533.38,28542.50,202160.00,1225.00
2024-02-29 14:40:55.197602,107,134,0,-719.19,-205.69,-579.13,22872.50,171797.50,-2292.50
2024-02-29 14:40:55.203869,103,136,0,-696.74,-196.91,-608.41,26652.50,151497.50,-15855.00
2024-02-29 14:40:55.214329,100,138,464,-671.00,-190.81,-626.59,27807.50,141015.00,-27457.50
2024-02-29 14:40:55.222274,98,139,465,-646.84,-188.61,-647.09,27282.50,129832.50,-34947.50
2024-02-29 14:40:55.233050,95,152,0,-626.10,-187.51,-667.46,23642.50,116917.50,-37940.00
2024-02-29 14:40:55.240856,93,140,475,-608.05,-187.88,-679.66,24115.00,109585.00,-38850.00
2024-02-29 14:40:55.250776,91,140,0,-590.48,-188.86,-685.03,25900.00,108325.00,-37835.00
2024-02-29 14:40:55.258617,89,140,488,-572.79,-190.32,-689.42,25672.50,108990.00,-37292.50
2024-02-29 14:40:55.268539,88,141,488,-547.29,-201.42,-697.60,40425.00,108902.50,-34422.50
2024-02-29 14:40:55.276339,87,142,486,-527.89,-222.77,-707.36,41142.50,107380.00,-18287.50
2024-02-29 14:40:55.287330,87,139,0,-517.77,-234.36,-715.77,20457.50,104002.50,-4112.50
2024-02-29 14:40:55.294948,86,142,527,-505.45,-230.46,-727.97,16415.00,100082.50,-2922.50
2024-02-29 14:40:55.305028,86,143,0,-495.81,-223.99,-750.42,22400.00,90125.00,-6492.50
2024-02-29 14:40:55.312326,-46,213,0,-490.44,-222.89,-780.80,31832.50,71417.50,-8277.50
2024-02-29 14:40:55.323592,-46,278,0,-487.76,-229.12,-808.37,34912.50,50295.00,-6142.50
2024-02-29 14:40:55.330780,-46,207,0,-483.61,-238.27,-826.18,39462.50,35595.00,-700.00
2024-02-29 14:40:55.342171,-46,304,0,-473.24,-244.24,-833.02,35490.00,29575.00,3482.50
2024-02-29 14:40:55.349241,-46,135,0,-463.48,-249.98,-834.85,31867.50,32077.50,6965.00
2024-02-29 14:40:55.360733,-46,216,0,-458.35,-258.76,-841.56,35630.00,26495.00,12512.50
2024-02-29 14:40:55.369355,-46,292,0,-450.42,-269.25,-851.07,22312.50,18830.00,22435.00
2024-02-29 14:40:55.375194,-46,136,0,-440.66,-278.89,-856.32,20282.50,13457.50,33635.00
2024-02-29 14:40:55.384945,-46,288,0,-431.64,-281.70,-856.93,21980.00,11777.50,40425.00
2024-02-29 14:40:55.392250,-46,224,0,-424.93,-276.45,-853.02,16660.00,11847.50,40057.50
2024-02-29 14:40:55.403639,-46,217,0,-418.46,-267.06,-848.39,8365.00,14525.00,36662.50
2024-02-29 14:40:55.410630,-46,298,0,-411.99,-258.03,-847.78,-507.50,13772.50,31587.50
2024-02-29 14:40:55.422174,-46,161,0,-405.53,-255.59,-848.39,-4602.50,10920.00,29557.50
2024-02-29 14:40:55.429403,-46,218,0,-398.45,-262.67,-848.14,-11637.50,8697.50,33670.00
2024-02-29 14:40:55.439778,-46,144,0,-390.64,-276.33,-848.88,-16957.50,5740.00,43312.50
2024-02-29 14:40:55.446992,-46,301,0,-382.23,-290.36,-848.02,-36435.00,2835.00,56805.00
2024-02-29 14:40:55.458316,-46,212,0,-373.56,-301.22,-841.68,-62825.00,3045.00,69965.00
2024-02-29 14:40:55.465780,-46,216,0,-364.54,-306.95,-833.87,-103670.00,5162.50,81007.50
2024-02-29 14:40:55.476001,-46,217,0,-355.14,-305.12,-831.55,-118020.00,5460.00,88042.50
2024-02-29 14:40:55.483529,-46,157,0,-346.97,-293.04,-838.14,-114992.50,332.50,89425.00
2024-02-29 14:40:55.494668,-46,213,0,-343.80,-270.72,-848.88,-107450.00,-7420.00,82757.50
2024-02-29 14:40:55.502532,-46,214,0,-345.26,-245.95,-856.93,-84542.50,-11095.00,71137.50
2024-02-29 14:40:55.513425,-46,213,0,-345.75,-229.12,-864.49,-39637.50,-11987.50,63297.50
2024-02-29 14:40:55.521160,117,167,566,-344.16,-219.60,-875.47,22697.50,-17097.50,60777.50
2024-02-29 14:40:55.532087,118,163,0,-341.84,-214.72,-884.99,32095.00,-22400.00,58310.00
2024-02-29 14:40:55.540773,117,165,553,-337.45,-215.82,-889.50,25305.00,-23362.50,56210.00
2024-02-29 14:40:55.546987,117,165,517,-333.18,-218.87,-891.82,15890.00,-21700.00,53235.00
2024-02-29 14:40:55.557397,116,165,496,-329.16,-221.80,-895.72,5040.00,-21105.00,47355.00
2024-02-29 14:40:55.564819,115,165,502,-324.03,-224.24,-900.12,-4970.00,-23415.00,41492.50
2024-02-29 14:40:55.576022,113,164,494,-319.40,-225.58,-900.73,-30380.00,-22890.00,37852.50
2024-02-29 14:40:55.583950,112,164,483,-315.74,-227.16,-896.70,-36767.50,-18497.50,38185.00
2024-02-29 14:40:55.593679,110,164,474,-311.10,-230.82,-890.72,-26915.00,-13282.50,42175.00
2024-02-29 14:40:55.601266,108,164,471,-304.88,-237.53,-886.94,-7437.50,-10447.50,47897.50
2024-02-29 14:40:55.610582,106,164,481,-298.66,-245.10,-885.84,-9257.50,-9625.00,52850.00
2024-02-29 14:40:55.621311,105,166,0,-290.85,-251.69,-886.82,-44800.00,-9135.00,56560.00
2024-02-29 14:40:55.628997,103,164,0,-282.55,-249.61,-890.60,-65397.50,-11147.50,56035.00
2024-02-29 14:40:55.638965,101,164,501,-277.43,-233.51,-899.63,-69702.50,-16642.50,45360.00
2024-02-29 14:40:55.646852,100,162,0,-276.21,-213.62,-914.39,-91507.50,-26792.50,29190.00
2024-02-29 14:40:55.657709,99,164,562,-277.67,-198.37,-929.03,-67252.50,-36575.00,15557.50
2024-02-29 14:40:55.665417,98,165,0,-281.33,-182.51,-939.77,-25760.00,-42612.50,4322.50
2024-02-29 14:40:55.676292,-46,217,0,-288.53,-165.55,-946.11,-5110.00,-43347.50,-7035.00
2024-02-29 14:40:55.684021,-46,218,0,-298.90,-153.11,-949.04,31570.00,-39952.50,-13825.00
2024-02-29 14:40:55.693924,-46,240,0,-311.83,-142.74,-950.50,62947.50,-35070.00,-17465.00
2024-02-29 14:40:55.701771,-46,140,0,-324.52,-134.93,-951.11,81497.50,-30485.00,-19687.50
2024-02-29 14:40:55.711612,-46,218,0,-334.52,-132.00,-950.99,91227.50,-27790.00,-19372.50
2024-02-29 14:40:55.719419,-46,141,0,-342.58,-133.35,-949.53,108657.50,-26092.50,-17080.00
2024-02-29 14:40:55.730378,-46,273,0,-349.53,-133.71,-948.18,137427.50,-26180.00,-16257.50
2024-02-29 14:40:55.738442,-46,159,0,-355.39,-130.17,-947.70,152530.00,-26915.00,-19442.50
2024-02-29 14:40:55.749175,-46,132,0,-360.63,-127.12,-947.21,170765.00,-29067.50,-23187.50
2024-02-29 14:40:55.757740,-46,218,0,-366.24,-124.68,-945.01,211172.50,-31622.50,-25637.50
2024-02-29 14:40:55.764736,-46,215,0,-372.47,-121.27,-939.64,222057.50,-31727.50,-29592.50
2024-02-29 14:40:55.774583,-46,220,0,-379.91,-117.85,-933.42,217945.00,-29715.00,-34177.50
2024-02-29 14:40:55.782676,-46,165,0,-389.18,-115.41,-929.88,221322.50,-30100.00,-39812.50
2024-02-29 14:40:55.793329,-46,208,0,-399.43,-117.61,-928.91,258212.50,-34650.00,-44747.50
2024-02-29 14:40:55.801382,-46,228,0,-410.53,-129.56,-927.32,292495.00,-40932.50,-44957.50
2024-02-29 14:40:55.811117,-46,218,0,-424.07,-154.94,-921.10,283430.00,-42157.50,-38185.00
2024-02-29 14:40:55.819218,-46,217,0,-445.06,-196.42,-904.39,217455.00,-28980.00,-26722.50
2024-02-29 14:40:55.829825,-46,217,0,-471.04,-247.17,-876.81,202212.50,-3832.50,-15697.50
2024-02-29 14:40:55.837609,-46,230,0,-491.42,-293.41,-849.12,281662.50,17027.50,-9660.00
2024-02-29 14:40:55.848498,-46,302,0,-499.59,-324.64,-830.45,347305.00,21577.50,-10902.50
2024-02-29 14:40:55.857084,-46,217,0,-501.05,-350.51,-820.57,307247.50,10920.00,-13877.50
2024-02-29 14:40:55.863524,-46,160,0,-491.29,-377.96,-810.32,258177.50,-5705.00,-7840.00
2024-02-29 14:40:55.873775,139,171,565,-471.16,-403.33,-789.83,187355.00,-17045.00,-4480.00
2024-02-29 14:40:55.881665,139,172,532,-454.33,-427.98,-760.30,126822.50,-16275.00,-2135.00
2024-02-29 14:40:55.892461,139,169,615,-443.10,-455.30,-729.56,49927.50,-7262.50,3237.50
2024-02-29 14:40:55.899420,139,168,0,-437.98,-484.83,-704.67,12670.00,4042.50,13370.00
2024-02-29 14:40:55.909925,139,168,495,-437.00,-507.15,-689.79,5005.00,12985.00,22015.00
2024-02-29 14:40:55.916952,139,167,494,-438.22,-517.77,-684.91,3850.00,16870.00,23520.00
2024-02-29 14:40:55.928424,139,163,0,-440.42,-521.18,-687.84,4742.50,15907.50,19635.00
2024-02-29 14:40:55.935589,139,167,479,-442.74,-523.26,-695.16,16292.50,11865.00,15190.00
2024-02-29 14:40:55.946041,139,169,0,-444.57,-527.04,-702.23,27247.50,7157.50,12880.00
2024-02-29 14:40:55.953058,139,167,485,-445.91,-530.70,-705.65,34720.00,4340.00,12285.00
2024-02-29 14:40:55.963585,139,166,501,-446.64,-531.68,-706.99,37677.50,3605.00,9660.00
2024-02-29 14:40:55.970326,139,167,0,-447.13,-531.68,-708.82,41020.00,2222.50,5862.50
2024-02-29 14:40:55.980830,139,167,643,-447.01,-533.51,-711.02,48335.00,0.00,2677.50
2024-02-29 14:40:55.992825,-46,218,0,-445.79,-537.41,-712.24,50260.00,-2887.50,857.50
2024-02-29 14:40:55.999854,-46,219,0,-443.84,-543.39,-711.14,42595.00,-5967.50,1155.00
2024-02-29 14:40:56.011280,-46,300,0,-441.40,-550.46,-706.87,32655.00,-7822.50,2712.50
2024-02-29 14:40:56.019928,-46,160,0,-439.69,-558.03,-699.79,21402.50,-8225.00,4497.50
2024-02-29 14:40:56.025357,-46,259,0,-439.57,-566.32,-691.25,12442.50,-7927.50,5652.50
2024-02-29 14:40:56.034398,-46,137,0,-441.03,-574.38,-682.71,6527.50,-7350.00,5355.00
2024-02-29 14:40:56.046251,-46,218,0,-443.84,-581.94,-674.90,5635.00,-7385.00,4025.00
2024-02-29 14:40:56.053055,-46,240,0,-447.13,-589.50,-666.12,2817.50,-7000.00,2537.50
2024-02-29 14:40:56.064594,-46,127,0,-450.67,-597.43,-655.99,2660.00,-5162.50,1662.50
2024-02-29 14:40:56.071321,-46,217,0,-453.84,-605.36,-645.50,1960.00,-3045.00,1470.00
2024-02-29 14:40:56.082960,-46,221,0,-457.01,-612.32,-635.62,-8872.50,-1522.50,805.00
2024-02-29 14:40:56.089935,-46,216,0,-460.55,-618.05,-628.06,-20317.50,-332.50,-1295.00
2024-02-29 14:40:56.101377,-46,218,0,-464.09,-622.81,-623.18,-20370.00,-595.00,-4025.00
2024-02-29 14:40:56.108712,-46,217,0,-466.28,-626.96,-620.00,-14752.50,-2135.00,-6230.00
2024-02-29 14:40:56.119813,-46,218,0,-466.89,-630.86,-616.95,-11707.50,-3360.00,-7542.50
2024-02-29 14:40:56.128376,-46,216,0,-466.04,-634.77,-614.15,-10850.00,-4165.00,-7332.50
2024-02-29 14:40:56.134416,-46,218,0,-464.33,-638.55,-611.71,-8645.00,-4935.00,-6142.50
2024-02-29 14:40:56.144083,-46,218,0,-462.38,-641.84,-610.00,-8680.00,-5757.50,-4812.50
2024-02-29 14:40:56.155689,-46,220,0,-460.92,-644.28,-608.29,-10290.00,-6142.50,-3850.00
2024-02-29 14:40:56.164275,-46,217,0,-460.06,-646.23,-606.71,-5635.00,-6160.00,-3412.50
2024-02-29 14:40:56.170232,-46,213,0,-459.57,-648.31,-604.88,-2345.00,-6055.00,-3150.00
2024-02-29 14:40:56.179944,-46,243,0,-459.70,-650.50,-602.68,-6335.00,-5600.00,-2922.50
2024-02-29 14:40:56.191499,-46,136,0,-460.67,-652.58,-601.09,-7840.00,-5092.50,-3237.50
2024-02-29 14:40:56.198856,-46,140,0,-462.26,-653.92,-600.61,-1907.50,-5022.50,-4445.00
2024-02-29 14:40:56.208884,-46,218,0,-463.60,-654.65,-600.48,3342.50,-5495.00,-6300.00
2024-02-29 14:40:56.215911,141,197,618,-464.21,-656.12,-600.24,4095.00,-6370.00,-7945.00
2024-02-29 14:40:56.227232,140,198,752,-464.21,-658.43,-600.24,1715.00,-7350.00,-8557.50
2024-02-29 14:40:56.234294,-46,160,0,-463.60,-661.00,-600.24,1592.50,-8540.00,-8277.50
2024-02-29 14:40:56.245654,140,189,0,-462.50,-662.95,-600.73,-822.50,-9572.50,-7927.50
2024-02-29 14:40:56.252852,139,193,491,-461.28,-664.41,-600.97,-3412.50,-10885.00,-7717.50
2024-02-29 14:40:56.264045,139,192,0,-460.06,-666.00,-599.75,-3115.00,-11007.50,-7105.00
2024-02-29 14:40:56.272646,138,192,476,-459.21,-667.95,-597.92,-5267.50,-9835.00,-5722.50
2024-02-29 14:40:56.278496,138,191,0,-458.96,-670.02,-595.97,-4340.00,-7997.50,-3937.50
2024-02-29 14:40:56.288259,136,191,0,-458.84,-671.73,-594.51,-2152.50,-6457.50,-2397.50
2024-02-29 14:40:56.299896,136,190,0,-458.60,-673.07,-593.65,-577.50,-5880.00,-1120.00
2024-02-29 14:40:56.306419,136,190,0,-458.48,-674.42,-592.92,-245.00,-5652.50,52.50
2024-02-29 14:40:56.318101,134,189,0,-458.23,-676.61,-591.33,-280.00,-4935.00,1627.50
2024-02-29 14:40:56.324859,133,189,492,-458.11,-679.05,-589.26,-350.00,-3605.00,3657.50
2024-02-29 14:40:56.334320,132,191,0,-458.23,-680.76,-587.06,-1207.50,-2152.50,5337.50
2024-02-29 14:40:56.341399,131,189,488,-458.84,-681.49,-585.23,-3325.00,-1400.00,6072.50
2024-02-29 14:40:56.351879,130,189,505,-459.94,-681.74,-584.26,-4567.50,-1242.50,6020.00
2024-02-29 14:40:56.362648,129,190,0,-461.40,-681.74,-583.89,-5162.50,-1365.00,5372.50
2024-02-29 14:40:56.369764,127,191,506,-463.11,-681.49,-583.53,-5320.00,-1610.00,4375.00
2024-02-29 14:40:56.379032,126,192,0,-464.70,-681.25,-582.67,-4987.50,-1697.50,3132.50
2024-02-29 14:40:56.385965,125,194,547,-465.92,-681.13,-581.70,-3990.00,-1435.00,2117.50
2024-02-29 14:40:56.397426,125,195,572,-466.53,-681.00,-580.72,-2485.00,-1260.00,1365.00
2024-02-29 14:40:56.404242,124,196,0,-466.65,-680.39,-580.11,-1890.00,-945.00,665.00
2024-02-29 14:40:56.415688,124,198,0,-467.02,-679.78,-579.99,-3447.50,-962.50,192.50
2024-02-29 14:40:56.422290,123,199,501,-467.99,-679.54,-580.35,-4532.50,-1382.50,122.50
2024-02-29 14:40:56.433941,122,201,0,-469.21,-679.17,-580.48,-4357.50,-1155.00,122.50
2024-02-29 14:40:56.440578,120,202,547,-470.43,-678.20,-579.99,-2222.50,-175.00,-35.00
2024-02-29 14:40:56.452163,119,204,0,-471.65,-677.22,-579.50,735.00,1067.50,-140.00
2024-02-29 14:40:56.456510,120,202,0,-472.63,-676.73,-579.74,4025.00,1697.50,105.00
2024-02-29 14:40:56.469351,118,206,492,-473.36,-676.49,-579.99,5547.50,2047.50,507.50
2024-02-29 14:40:56.473724,117,208,0,-474.09,-676.25,-579.74,6002.50,2555.00,595.00
2024-02-29 14:40:56.486337,115,211,0,-474.82,-675.88,-579.50,7962.50,2957.50,280.00
2024-02-29 14:40:56.498478,115,209,0,-475.19,-675.39,-579.50,10605.00,3062.50,-472.50
2024-02-29 14:40:56.505493,113,211,499,-475.31,-675.39,-579.50,13370.00,2870.00,-1050.00
2024-02-29 14:40:56.516897,111,211,499,-475.07,-675.76,-579.38,17167.50,2432.50,-1137.50
2024-02-29 14:40:56.523862,110,197,0,-474.21,-676.49,-579.26,20247.50,1872.50,-857.50
2024-02-29 14:40:56.535311,109,213,0,-472.99,-678.08,-578.89,20895.00,1312.50,-105.00
2024-02-29 14:40:56.543960,107,210,486,-471.65,-681.00,-578.40,16432.50,822.50,1522.50
2024-02-29 14:40:56.548660,105,209,473,-470.55,-684.79,-577.79,11655.00,245.00,3955.00
2024-02-29 14:40:56.560075,104,208,0,-469.58,-687.59,-576.82,8242.50,-210.00,6020.00
2024-02-29 14:40:56.566530,102,206,0,-469.21,-688.45,-575.11,5477.50,350.00,6247.50
2024-02-29 14:40:56.578358,100,205,459,-469.58,-688.57,-573.64,5845.00,1575.00,4952.50
2024-02-29 14:40:56.584945,99,204,457,-470.19,-689.06,-573.40,6090.00,2100.00,3675.00
2024-02-29 14:40:56.596773,98,199,0,-470.80,-689.42,-574.25,4725.00,1382.50,2940.00
2024-02-29 14:40:56.603102,96,200,450,-470.92,-689.67,-574.74,2660.00,332.50,2450.00
2024-02-29 14:40:56.615132,95,198,448,-470.92,-689.54,-574.01,-1400.00,122.50,2117.50
2024-02-29 14:40:56.621667,94,198,0,-471.16,-689.30,-572.79,-4357.50,595.00,1557.50
2024-02-29 14:40:56.632382,93,193,458,-472.14,-688.32,-572.18,-4095.00,1067.50,577.50
2024-02-29 14:40:56.638918,92,192,452,-473.36,-686.74,-572.42,-2222.50,997.50,-875.00
2024-02-29 14:40:56.649367,91,190,444,-474.58,-684.91,-572.79,490.00,647.50,-2467.50
2024-02-29 14:40:56.661452,91,189,0,-475.56,-684.18,-572.91,3430.00,490.00,-3377.50
2024-02-29 14:40:56.667921,91,188,455,-476.04,-684.42,-572.79,5057.50,367.50,-3290.00
2024-02-29 14:40:56.679773,92,187,464,-476.41,-684.79,-572.30,4637.50,420.00,-2887.50
2024-02-29 14:40:56.686245,92,187,468,-476.78,-685.27,-571.33,4777.50,910.00,-2642.50
2024-02-29 14:40:56.698073,93,198,0,-477.26,-685.76,-570.35,6825.00,1715.00,-2712.50
2024-02-29 14:40:56.706653,94,187,465,-477.26,-686.49,-569.98,7560.00,1855.00,-2765.00
2024-02-29 14:40:56.711713,95,187,501,-476.90,-687.23,-569.98,7280.00,1382.50,-2747.50
2024-02-29 14:40:56.722888,-46,283,0,-476.29,-687.59,-569.98,6072.50,770.00,-3202.50
2024-02-29 14:40:56.729383,-46,224,0,-475.80,-688.32,-569.50,4585.00,332.50,-3815.00
2024-02-29 14:40:56.741159,-46,218,0,-475.31,-689.42,-568.89,4830.00,-210.00,-3902.50
2024-02-29 14:40:56.747989,-46,221,0,-474.34,-690.28,-567.91,5652.50,-367.50,-4060.00
2024-02-29 14:40:56.759456,-46,220,0,-472.99,-692.11,-567.18,6335.00,-647.50,-3727.50
2024-02-29 14:40:56.766410,-46,216,0,-472.26,-694.42,-567.06,1907.50,-1102.50,-2625.00
2024-02-29 14:40:56.777810,-46,215,0,-472.14,-695.40,-566.08,-210.00,-1330.00,-2555.00
2024-02-29 14:40:56.784827,-46,227,0,-470.92,-696.13,-565.35,4445.00,-1417.50,-2712.50
2024-02-29 14:40:56.795164,-46,216,0,-469.70,-697.72,-565.35,-2572.50,-2170.00,-2135.00
2024-02-29 14:40:56.802422,-46,214,0,-469.82,-698.82,-564.74,-5862.50,-2362.50,-1225.00
2024-02-29 14:40:56.812881,-46,216,0,-469.82,-698.57,-563.76,-1942.50,-1820.00,-1540.00
2024-02-29 14:40:56.824494,-46,216,0,-469.70,-698.33,-563.52,-2082.50,-1645.00,-1872.50
2024-02-29 14:40:56.833127,-46,216,0,-470.19,-698.57,-563.40,-3202.50,-1680.00,-1645.00
2024-02-29 14:40:56.838707,-46,215,0,-470.55,-698.82,-562.91,-367.50,-1452.50,-1330.00
2024-02-29 14:40:56.847176,-46,215,0,-470.43,-698.94,-562.42,752.50,-1155.00,-875.00
2024-02-29 14:40:56.859128,-46,213,0,-470.55,-699.06,-561.81,1347.50,-647.50,-332.50
2024-02-29 14:40:56.865488,-46,215,0,-470.68,-698.57,-561.44,4130.00,-455.00,-35.00
2024-02-29 14:40:56.877211,-46,215,0,-470.43,-698.08,-561.93,4760.00,-840.00,-367.50
2024-02-29 14:40:56.883997,-46,211,0,-470.43,-698.08,-562.42,3727.50,-1295.00,-367.50
2024-02-29 14:40:56.894405,-46,220,0,-470.68,-698.45,-562.42,3325.00,-1312.50,-280.00
2024-02-29 14:40:56.901243,122,223,0,-470.92,-698.08,-562.30,3255.00,-1120.00,-717.50
2024-02-29 14:40:56.911973,123,224,740,-471.16,-697.60,-562.05,3797.50,-1155.00,-1610.00
2024-02-29 14:40:56.923625,122,219,0,-471.16,-697.96,-561.69,2940.00,-1032.50,-2047.50
2024-02-29 14:40:56.930706,122,221,503,-470.80,-698.82,-561.44,1925.00,-1102.50,-1802.50
2024-02-29 14:40:56.942011,121,220,505,-470.68,-699.18,-561.20,472.50,-1365.00,-1767.50
2024-02-29 14:40:56.950623,121,221,514,-470.68,-699.30,-560.96,-770.00,-1750.00,-2205.00
2024-02-29 14:40:56.956034,120,220,497,-470.80,-699.79,-560.71,-1050.00,-1837.50,-2397.50
2024-02-29 14:40:56.966766,118,218,0,-470.92,-700.28,-560.35,-1872.50,-1767.50,-2380.00
2024-02-29 14:40:56.974126,117,220,495,-471.16,-700.52,-560.10,-2817.50,-1645.00,-2660.00
2024-02-29 14:40:56.985287,115,222,0,-471.29,-700.52,-559.86,-2292.50,-1557.50,-3027.50
2024-02-29 14:40:56.992555,113,219,481,-471.16,-700.52,-559.74,-2030.00,-1610.00,-3150.00
2024-02-29 14:40:57.003718,111,216,0,-470.92,-700.65,-559.37,-2502.50,-1470.00,-2940.00
2024-02-29 14:40:57.010979,110,218,489,-470.92,-701.01,-559.00,-1977.50,-1155.00,-2485.00
2024-02-29 14:40:57.022136,108,219,0,-470.80,-701.38,-559.00,-1382.50,-1155.00,-2030.00
2024-02-29 14:40:57.029428,106,219,475,-470.68,-701.13,-559.13,-1102.50,-1190.00,-1750.00
2024-02-29 14:40:57.040389,105,220,0,-470.68,-700.65,-559.13,-770.00,-1312.50,-1820.00
2024-02-29 14:40:57.047320,104,223,0,-470.68,-700.40,-558.76,157.50,-1225.00,-2012.50
2024-02-29 14:40:57.058706,104,222,480,-470.55,-700.77,-558.39,735.00,-910.00,-1785.00
2024-02-29 14:40:57.065376,103,223,455,-470.68,-701.50,-558.27,-262.50,-822.50,-1312.50
2024-02-29 14:40:57.076897,102,224,0,-470.80,-701.99,-558.03,-455.00,-752.50,-1050.00
2024-02-29 14:40:57.083613,102,223,0,-470.68,-702.11,-557.66,945.00,-560.00,-1032.50
2024-02-29 14:40:57.094105,102,222,0,-470.31,-702.48,-557.42,1347.50,-420.00,-927.50
2024-02-29 14:40:57.100502,103,225,0,-470.07,-703.09,-557.42,752.50,-682.50,-560.00
2024-02-29 14:40:57.111217,105,226,0,-469.82,-703.70,-557.30,787.50,-875.00,-52.50
2024-02-29 14:40:57.117344,105,229,484,-469.58,-704.06,-557.17,612.50,-857.50,245.00
2024-02-29 14:40:57.129346,106,247,0,-469.09,-704.06,-557.17,577.50,-892.50,455.00
2024-02-29 14:40:57.135426,108,232,0,-468.48,-704.18,-557.54,245.00,-1190.00,665.00
2024-02-29 14:40:57.145429,110,234,497,-468.11,-704.67,-557.78,-787.50,-1645.00,1225.00
2024-02-29 14:40:57.157212,112,235,0,-467.99,-705.16,-557.42,-1347.50,-1400.00,1925.00
2024-02-29 14:40:57.164016,114,235,488,-467.99,-705.16,-557.05,-822.50,-910.00,2205.00
2024-02-29 14:40:57.175518,116,224,0,-467.99,-704.92,-557.05,-700.00,-787.50,2135.00
2024-02-29 14:40:57.182266,118,238,0,-468.24,-704.67,-557.42,-1085.00,-1207.50,1907.50
2024-02-29 14:40:57.193799,119,236,460,-468.72,-704.67,-557.66,-1155.00,-1592.50,1802.50
2024-02-29 14:40:57.200877,121,234,0,-469.09,-704.55,-557.42,-2012.50,-1470.00,1627.50
2024-02-29 14:40:57.212220,121,237,475,-469.70,-704.06,-557.17,-2555.00,-1277.50,1155.00
2024-02-29 14:40:57.219128,122,235,453,-470.07,-703.21,-557.30,-2397.50,-1400.00,175.00
2024-02-29 14:40:57.229532,123,234,471,-470.43,-702.35,-557.54,-2747.50,-1487.50,-717.50
2024-02-29 14:40:57.236707,123,234,467,-470.92,-701.87,-557.78,-2362.50,-1592.50,-1172.50
2024-02-29 14:40:57.247904,123,232,0,-471.41,-701.26,-558.03,-1907.50,-1540.00,-1452.50
2024-02-29 14:40:57.255294,124,231,461,-471.65,-700.28,-558.27,-1242.50,-1365.00,-1662.50
2024-02-29 14:40:57.266322,123,229,458,-472.02,-699.79,-558.39,-665.00,-945.00,-1697.50
2024-02-29 14:40:57.273047,122,225,0,-472.51,-699.67,-558.52,-140.00,-367.50,-1277.50
2024-02-29 14:40:57.283498,122,226,462,-472.99,-699.30,-558.64,647.50,87.50,-1137.50
2024-02-29 14:40:57.287877,121,225,0,-473.24,-698.82,-559.00,1575.00,332.50,-1312.50
2024-02-29 14:40:57.300671,121,224,0,-472.99,-698.45,-559.25,2432.50,210.00,-1417.50
2024-02-29 14:40:57.307049,120,221,0,-472.38,-698.82,-559.49,2607.50,35.00,-1137.50
2024-02-29 14:40:57.317468,120,222,461,-471.90,-699.55,-559.49,1592.50,0.00,-455.00
2024-02-29 14:40:57.328792,119,222,466,-471.65,-699.67,-559.37,1120.00,0.00,35.00
2024-02-29 14:40:57.334716,119,223,474,-471.65,-699.30,-559.49,1295.00,-105.00,-140.00
2024-02-29 14:40:57.346589,119,222,0,-471.65,-698.82,-559.74,2030.00,-297.50,-507.50
2024-02-29 14:40:57.353052,119,223,0,-471.90,-698.82,-559.74,2870.00,-210.00,-700.00
2024-02-29 14:40:57.364782,118,205,0,-472.02,-698.82,-559.49,3465.00,70.00,-630.00
2024-02-29 14:40:57.370759,-46,158,0,-472.02,-699.18,-559.49,3727.50,52.50,-525.00
2024-02-29 14:40:57.381785,-46,222,0,-472.02,-699.55,-559.49,3605.00,-105.00,-262.50
2024-02-29 14:40:57.393617,-46,145,0,-471.77,-699.55,-559.25,3010.00,-87.50,-245.00
2024-02-29 14:40:57.399773,-46,142,0,-471.77,-699.79,-559.13,2922.50,17.50,-420.00
2024-02-29 14:40:57.411742,-46,214,0,-471.90,-700.04,-559.00,2992.50,157.50,-297.50
2024-02-29 14:40:57.416119,-46,140,0,-472.26,-700.04,-558.64,2712.50,245.00,-420.00
2024-02-29 14:40:57.428888,-46,219,0,-472.51,-700.28,-558.15,3780.00,332.50,-542.50
2024-02-29 14:40:57.434728,-46,144,0,-472.38,-701.01,-557.54,3832.50,525.00,0.00
2024-02-29 14:40:57.445917,-46,173,0,-472.26,-701.62,-556.81,2922.50,840.00,595.00
2024-02-29 14:40:57.452170,-46,215,0,-472.14,-701.99,-556.44,2397.50,1085.00,822.50
2024-02-29 14:40:57.464127,-46,218,0,-472.02,-701.74,-556.69,2432.50,1015.00,507.50
2024-02-29 14:40:57.468501,-46,131,0,-471.77,-701.38,-557.30,3202.50,577.50,-280.00
2024-02-29 14:40:57.482340,-46,216,0,-471.65,-701.38,-557.78,3010.00,245.00,-630.00
2024-02-29 14:40:57.486702,-46,217,0,-471.53,-701.87,-557.30,2187.50,420.00,-350.00
2024-02-29 14:40:57.499511,-46,218,0,-471.29,-702.48,-556.81,2415.00,805.00,245.00
2024-02-29 14:40:57.505735,-46,218,0,-471.16,-702.72,-556.56,1942.50,1050.00,787.50
2024-02-29 14:40:57.517689,-46,224,0,-471.16,-702.72,-556.69,2135.00,875.00,1120.00
2024-02-29 14:40:57.522055,130,250,0,-471.04,-702.96,-556.56,2380.00,840.00,1207.50
2024-02-29 14:40:57.535964,129,251,646,-470.92,-703.45,-556.32,1907.50,805.00,1575.00
2024-02-29 14:40:57.540326,129,267,0,-470.92,-703.70,-556.08,1382.50,980.00,1715.00
2024-02-29 14:40:57.554218,129,251,512,-470.80,-703.57,-555.83,2152.50,945.00,1435.00
2024-02-29 14:40:57.558570,129,251,503,-470.43,-703.45,-555.95,2012.50,525.00,1137.50
2024-02-29 14:40:57.570896,128,251,0,-470.43,-703.70,-556.08,315.00,17.50,910.00
2024-02-29 14:40:57.583165,127,252,0,-470.68,-704.18,-555.59,-980.00,-52.50,770.00
2024-02-29 14:40:57.589362,126,252,515,-470.92,-704.67,-554.86,-1540.00,437.50,980.00
2024-02-29 14:40:57.601292,124,252,524,-471.16,-705.65,-553.64,-1207.50,1085.00,1697.50
2024-02-29 14:40:57.608050,123,252,508,-471.16,-706.14,-552.66,-2712.50,1802.50,2625.00
2024-02-29 14:40:57.619632,120,252,508,-471.16,-705.65,-552.54,-3885.00,2222.50,2887.50
2024-02-29 14:40:57.628254,118,252,504,-471.77,-704.67,-553.15,-3832.50,2030.00,2520.00
2024-02-29 14:40:57.633327,116,251,506,-472.75,-703.45,-554.25,-3307.50,1645.00,1837.50
2024-02-29 14:40:57.644506,113,251,498,-473.85,-701.99,-554.86,-1680.00,1732.50,805.00
2024-02-29 14:40:57.650960,110,251,496,-474.82,-700.52,-555.34,262.50,2275.00,-227.50
2024-02-29 14:40:57.662864,108,250,480,-475.68,-699.30,-555.95,2047.50,2537.50,-1050.00
2024-02-29 14:40:57.669575,107,250,0,-476.29,-698.33,-556.32,3867.50,2572.50,-1942.50
2024-02-29 14:40:57.681240,105,249,476,-475.92,-698.94,-556.81,5670.00,2415.00,-1802.50
2024-02-29 14:40:57.687827,103,249,0,-475.68,-700.52,-557.42,3202.50,1995.00,-140.00
2024-02-29 14:40:57.698571,101,249,476,-475.80,-701.26,-556.56,542.50,2555.00,665.00
2024-02-29 14:40:57.702926,101,250,477,-474.46,-702.48,-555.59,5670.00,3430.00,1522.50
2024-02-29 14:40:57.715684,100,249,472,-473.24,-704.31,-555.95,1330.00,3080.00,2975.00
2024-02-29 14:40:57.727673,100,249,461,-472.63,-704.79,-556.08,-1417.50,2082.50,3727.50
2024-02-29 14:40:57.734248,100,249,449,-471.29,-704.43,-555.59,560.00,1627.50,3045.00
2024-02-29 14:40:57.745041,100,249,456,-469.94,-705.28,-555.59,-1575.00,1015.00,2992.50
2024-02-29 14:40:57.751698,100,249,467,-469.46,-706.62,-555.34,-6597.50,157.50,3570.00
2024-02-29 14:40:57.763415,100,252,0,-469.46,-707.36,-554.37,-7630.00,385.00,4147.50
2024-02-29 14:40:57.769886,102,248,0,-469.46,-707.60,-553.39,-7297.50,665.00,4270.00
2024-02-29 14:40:57.781633,105,251,485,-469.70,-707.97,-552.78,-8785.00,717.50,4567.50
2024-02-29 14:40:57.788224,107,252,475,-470.07,-708.82,-552.17,-9975.00,752.50,5565.00
2024-02-29 14:40:57.799974,110,254,481,-470.31,-709.43,-551.68,-10167.50,945.00,6650.00
2024-02-29 14:40:57.806826,112,255,0,-470.55,-709.31,-551.68,-11550.00,1312.50,7157.50
2024-02-29 14:40:57.818325,115,257,505,-470.68,-708.33,-552.05,-13230.00,1732.50,7297.50
2024-02-29 14:40:57.826959,117,258,0,-470.68,-706.87,-552.66,-13545.00,2397.50,7157.50
2024-02-29 14:40:57.832261,119,259,498,-470.68,-705.40,-553.64,-13545.00,2852.50,7140.00
2024-02-29 14:40:57.843387,121,261,0,-470.68,-704.18,-554.86,-12355.00,3027.50,7577.50
2024-02-29 14:40:57.850416,123,263,477,-470.68,-702.84,-556.32,-11637.50,2835.00,8120.00
2024-02-29 14:40:57.861857,124,264,474,-471.04,-701.01,-557.30,-12477.50,2975.00,8050.00
2024-02-29 14:40:57.868922,125,266,0,-471.53,-698.33,-558.15,-12337.50,4025.00,7385.00
2024-02-29 14:40:57.879368,126,265,0,-472.38,-694.18,-560.59,-12495.00,4497.50,5442.50
2024-02-29 14:40:57.886305,126,268,491,-473.85,-688.57,-564.62,-12372.50,3920.00,2397.50
2024-02-29 14:40:57.896933,126,269,493,-475.92,-682.83,-568.28,-9310.00,3167.50,-945.00
2024-02-29 14:40:57.908658,125,269,498,-478.48,-678.56,-570.96,-3972.50,2887.50,-3272.50
2024-02-29 14:40:57.917338,124,259,0,-480.80,-676.73,-572.18,2415.00,3447.50,-3850.00
2024-02-29 14:40:57.922296,122,269,0,-482.63,-677.10,-572.18,6545.00,4690.00,-2712.50
2024-02-29 14:40:57.933573,120,268,478,-483.36,-678.69,-571.57,7962.50,6282.50,-927.50
2024-02-29 14:40:57.939896,117,268,0,-482.88,-680.27,-570.59,6650.00,7630.00,210.00
2024-02-29 14:40:57.951766,114,268,0,-481.53,-681.86,-569.86,4987.50,8400.00,980.00
2024-02-29 14:40:57.958118,111,267,467,-479.46,-683.93,-570.47,3640.00,7787.50,1610.00
2024-02-29 14:40:57.970138,109,266,465,-476.90,-686.13,-571.94,1942.50,5792.50,2502.50
2024-02-29 14:40:57.976721,105,267,460,-474.09,-688.32,-573.16,-1960.00,3430.00,3307.50
2024-02-29 14:40:57.988483,103,267,460,-471.65,-689.30,-573.77,-5460.00,1505.00,3342.50
2024-02-29 14:40:57.995257,101,268,466,-469.58,-689.42,-574.62,-6947.50,-630.00,2642.50
2024-02-29 14:40:58.006815,100,269,0,-468.48,-689.18,-576.45,-8872.50,-3482.50,1487.50
2024-02-29 14:40:58.013907,99,268,0,-468.36,-688.93,-577.67,-12565.00,-5897.50,542.50
2024-02-29 14:40:58.025226,98,272,458,-468.97,-689.06,-577.30,-13177.50,-6457.50,227.50
2024-02-29 14:40:58.032382,98,275,467,-469.94,-689.06,-576.57,-12740.00,-5530.00,560.00
2024-02-29 14:40:58.042698,99,280,483,-470.80,-688.93,-576.69,-12845.00,-4987.50,1032.50
2024-02-29 14:40:58.049902,100,284,509,-471.29,-688.45,-577.67,-12915.00,-5162.50,1540.00
2024-02-29 14:40:58.061153,102,289,0,-471.53,-687.10,-578.40,-14122.50,-5197.50,1960.00
2024-02-29 14:40:58.068323,105,295,0,-472.02,-685.52,-578.77,-14927.50,-4900.00,2275.00
2024-02-29 14:40:58.079628,-46,223,0,-473.12,-683.69,-579.50,-14210.00,-4305.00,2555.00
2024-02-29 14:40:58.086984,-46,221,0,-474.34,-681.13,-580.72,-13440.00,-4200.00,2135.00
2024-02-29 14:40:58.098105,-46,217,0,-475.80,-678.20,-582.31,-11935.00,-4305.00,910.00
2024-02-29 14:40:58.105230,-46,235,0,-477.63,-675.39,-583.53,-10675.00,-3692.50,-227.50
2024-02-29 14:40:58.116500,-46,218,0,-479.58,-672.59,-584.87,-8347.50,-2345.00,-1312.50
2024-02-29 14:40:58.125074,-46,215,0,-481.29,-669.54,-586.21,-3990.00,-980.00,-2712.50
2024-02-29 14:40:58.130317,-46,156,0,-482.51,-667.34,-587.67,-840.00,-70.00,-3535.00
2024-02-29 14:40:58.141103,-46,218,0,-482.88,-665.63,-589.02,892.50,262.50,-3867.50
2024-02-29 14:40:58.147508,-46,191,0,-482.51,-664.66,-590.24,1067.50,385.00,-3605.00
2024-02-29 14:40:58.159353,-46,229,0,-482.02,-663.80,-591.21,297.50,472.50,-3500.00
2024-02-29 14:40:58.163749,-46,215,0,-481.90,-663.07,-592.07,630.00,402.50,-3675.00
2024-02-29 14:40:58.176372,-46,302,0,-482.02,-662.46,-592.92,1785.00,490.00,-4217.50
2024-02-29 14:40:58.188362,-46,198,0,-482.39,-662.22,-593.65,2467.50,612.50,-5022.50
2024-02-29 14:40:58.195001,-46,211,0,-482.51,-662.58,-593.90,3185.00,787.50,-5425.00
2024-02-29 14:40:58.206739,-46,215,0,-482.02,-663.19,-593.29,1715.00,1610.00,-5512.50
2024-02-29 14:40:58.213401,-46,218,0,-480.80,-663.56,-592.55,157.50,2415.00,-5285.00
2024-02-29 14:40:58.225042,-46,217,0,-479.34,-664.66,-592.43,-630.00,2502.50,-4690.00
2024-02-29 14:40:58.233627,-46,304,0,-478.00,-666.73,-592.92,-3377.50,1610.00,-3115.00
2024-02-29 14:40:58.238768,-46,215,0,-477.02,-668.80,-592.68,-6072.50,1137.50,-910.00
2024-02-29 14:40:58.249787,-46,216,0,-475.92,-670.15,-592.31,-7192.50,1452.50,927.50
2024-02-29 14:40:58.256450,-46,217,0,-474.95,-671.00,-592.07,-7752.50,1855.00,2397.50
2024-02-29 14:40:58.268086,-46,216,0,-474.34,-671.24,-592.43,-8995.00,1855.00,3692.50
2024-02-29 14:40:58.274815,-46,216,0,-474.34,-670.39,-593.04,-9240.00,1785.00,4112.50
2024-02-29 14:40:58.286451,-46,214,0,-474.70,-668.68,-594.26,-7612.50,1645.00,3517.50
2024-02-29 14:40:58.293306,-46,297,0,-475.07,-667.10,-595.24,-6930.00,1522.50,2975.00
2024-02-29 14:40:58.304889,-46,243,0,-475.19,-665.88,-595.73,-6107.50,1785.00,2730.00
2024-02-29 14:40:58.311666,046,213,0,-475.31,-664.66,-596.34,-5390.00,2135.00,2467.50
2024-02-29 14:40:58.323218,213,0,-475.43,-663.92,-597.56,-4900.00,1470.00,2432.50
2024-02-29 14:40:58.329938,-46,212,0,-475.31,-664.17,-598.29,-6247.50,437.50,3517.50
2024-02-29 14:40:58.340561,-46,217,0,-474.70,-664.29,-598.04,-8522.50,367.50,5180.00
2024-02-29 14:40:58.347224,-46,212,0,-474.58,-663.68,-597.80,-9432.50,1015.00,6300.00
2024-02-29 14:40:58.358006,-46,215,0,-475.31,-661.85,-598.53,-7472.50,1277.50,5967.50
2024-02-29 14:40:58.364657,-46,215,0,-476.65,-658.80,-599.87,-6125.00,770.00,4165.00
2024-02-29 14:40:58.375344,-46,216,0,-477.63,-656.36,-601.22,-4392.50,525.00,1802.50
2024-02-29 14:40:58.387247,-46,215,0,-478.85,-654.90,-603.53,-2082.50,-122.50,682.50
2024-02-29 14:40:58.394020,-46,208,0,-481.41,-652.94,-604.51,-7927.50,-700.00,-1435.00
2024-02-29 14:40:58.405484,-46,215,0,-482.51,-650.50,-603.90,980.00,52.50,-3272.50
2024-02-29 14:40:58.411559,-46,215,0,-482.39,-650.26,-605.00,52.50,472.50,-4742.50
2024-02-29 14:40:58.423573,-46,213,0,-483.12,-651.24,-605.85,-4497.50,472.50,-3745.00
2024-02-29 14:40:58.430174,213,0,-482.51,-650.75,-605.49,-700.00,1697.50,-3867.50
2024-02-29 14:40:58.440838,-46,212,0,-480.68,-650.14,-606.22,787.50,2275.00,-4480.00
2024-02-29 14:40:58.447617,-46,217,0,-479.22,-650.99,-607.68,-3850.00,1802.50,-3692.50
2024-02-29 14:40:58.458135,-46,212,0,-478.36,-650.87,-608.41,-4042.50,1400.00,-2712.50
2024-02-29 14:40:58.464929,-46,215,0,-477.63,-649.04,-609.51,-1452.50,892.50,-3745.00
2024-02-29 14:40:58.475502,-46,215,0,-478.00,-647.70,-610.73,-1330.00,0.00,-4655.00
2024-02-29 14:40:58.482042,-46,216,0,-478.97,-647.45,-611.22,-210.00,-420.00,-4585.00
2024-02-29 14:40:58.493647,-46,215,0,-479.83,-647.58,-610.98,665.00,-35.00,-4392.50
2024-02-29 14:40:58.499960,-46,208,0,-480.68,-647.82,-610.24,315.00,1102.50,-3920.00
2024-02-29 14:40:58.510722,-46,215,0,-481.17,-648.06,-609.88,1382.50,2117.50,-3587.50
2024-02-29 14:40:58.521663,-46,215,0,-480.68,-648.31,-610.24,2397.50,2537.50,-3325.00
2024-02-29 14:40:58.528327,-46,213,0,-479.70,-648.55,-611.22,840.00,2117.50,-3115.00
2024-02-29 14:40:58.539032,-46,0,-478.73,-648.67,-611.83,-665.00,1417.50,-2642.50
2024-02-29 14:40:58.545890,-46,212,0,-477.75,-648.55,-611.95,-420.00,1435.00,-2205.00
2024-02-29 14:40:58.555485,-46,217,0,-477.02,-648.31,-611.95,-1050.00,1732.50,-1837.50
2024-02-29 14:40:58.567266,-46,212,0,-477.02,-647.45,-612.44,560.00,1785.00,-1907.50
2024-02-29 14:40:58.573887,-46,215,0,-477.51,-646.11,-613.17,4900.00,1067.50,-3027.50
2024-02-29 14:40:58.585621,-46,215,0,-477.51,-646.84,-613.42,9485.00,-140.00,-3605.00
2024-02-29 14:40:58.592529,-46,216,0,-476.78,-649.53,-612.44,7997.50,-1015.00,-3045.00
2024-02-29 14:40:58.604008,-46,215,0,-475.92,-651.97,-611.22,1820.00,-1172.50,-3202.50
2024-02-29 14:40:58.610898,-46,208,0,-475.07,-653.68,-610.00,-857.50,-1225.00,-3692.50
2024-02-29 14:40:58.622250,-46,215,0,-474.09,-655.38,-609.88,-1365.00,-1575.00,-4287.50
2024-02-29 14:40:58.629479,-46,215,0,-472.63,-657.34,-610.37,-4042.50,-2047.50,-3885.00
2024-02-29 14:40:58.639631,-46,213,0,-470.80,-658.56,-610.73,-6982.50,-1960.00,-2817.50
2024-02-29 14:40:58.646966,-46,300,0,-468.72,-658.80,-611.83,-7770.00,-1785.00,-1907.50
2024-02-29 14:40:58.658075,-46,126,0,-467.02,-657.70,-613.78,-8470.00,-1820.00,-1067.50
2024-02-29 14:40:58.665186,-46,217,0,-466.04,-655.02,-616.10,-7035.00,-1802.50,-665.00
2024-02-29 14:40:58.675376,-46,215,0,-465.55,-651.72,-618.54,-3167.50,-1767.50,-840.00
2024-02-29 14:40:58.682085,-46,247,0,-466.04,-649.04,-620.49,175.00,-1697.50,-700.00
2024-02-29 14:40:58.692605,-46,143,0,-467.14,-647.58,-621.35,2257.50,-1592.50,-350.00
2024-02-29 14:40:58.699178,-46,155,0,-467.99,-647.33,-620.74,3220.00,-1365.00,140.00
2024-02-29 14:40:58.709886,-46,136,0,-468.36,-648.06,-620.13,2257.50,-1172.50,717.50
2024-02-29 14:40:58.721740,-46,213,0,-469.21,-648.55,-620.00,-770.00,-1610.00,577.50
2024-02-29 14:40:58.728593,-46,215,0,-469.70,-648.31,-619.52,-1207.50,-2082.50,-490.00
2024-02-29 14:40:58.740084,-46,215,0,-469.58,-648.55,-618.54,-507.50,-1960.00,-1365.00
2024-02-29 14:40:58.748689,-46,211,0,-469.58,-649.77,-617.93,-2677.50,-1890.00,-1032.50
2024-02-29 14:40:58.754172,-46,215,0,-470.07,-650.50,-617.69,-3535.00,-1732.50,-735.00
2024-02-29 14:40:58.764745,-46,216,0,-470.68,-650.02,-617.56,-2397.50,-1400.00,-1557.50
2024-02-29 14:40:58.772040,-46,216,0,-471.04,-649.53,-617.56,-1067.50,-1032.50,-2450.00
2024-02-29 14:40:58.783220,-46,215,0,-471.16,-649.89,-617.56,-157.50,-472.50,-2100.00
2024-02-29 14:40:58.789598,-46,215,0,-470.80,-650.14,-617.81,-297.50,52.50,-1470.00
2024-02-29 14:40:58.800066,-46,218,0,-470.31,-649.77,-618.05,-647.50,87.50,-1400.00
2024-02-29 14:40:58.811058,-46,216,0,-469.33,-649.28,-618.30,105.00,-332.50,-1557.50
2024-02-29 14:40:58.817576,-46,215,0,-468.11,-649.53,-618.66,-35.00,-910.00,-1172.50
2024-02-29 14:40:58.829270,-46,215,0,-468.11,-650.26,-619.15,-2380.00,-1417.50,-350.00
2024-02-29 14:40:58.836220,-46,143,0,-469.21,-649.89,-618.66,-3657.50,-1155.00,-490.00
2024-02-29 14:40:58.847516,-46,216,0,-470.19,-648.55,-617.81,227.50,-87.50,-1207.50
2024-02-29 14:40:58.853948,-46,151,0,-471.16,-648.06,-617.81,-192.50,542.50,-1207.50
2024-02-29 14:40:58.864614,-46,130,0,-472.51,-647.58,-617.93,542.50,1015.00,-280.00
2024-02-29 14:40:58.870998,-46,211,0,-473.36,-645.99,-618.05,2887.50,1750.00,-420.00
2024-02-29 14:40:58.881787,-46,139,0,-473.60,-644.65,-618.42,4952.50,2327.50,-752.50
2024-02-29 14:40:58.893682,-46,258,0,-473.85,-644.40,-619.27,6195.00,2415.00,-752.50
2024-02-29 14:40:58.902293,-46,216,0,-473.60,-644.53,-620.13,7297.50,2310.00,-717.50
2024-02-29 14:40:58.906994,-46,216,0,-472.75,-644.65,-620.49,7420.00,2012.50,-1067.50
2024-02-29 14:40:58.918451,-46,213,0,-471.53,-645.14,-620.74,6947.50,1592.50,-1277.50
2024-02-29 14:40:58.925005,-46,136,0,-470.19,-646.36,-620.98,6090.00,735.00,-1032.50
2024-02-29 14:40:58.936791,-46,216,0,-469.21,-647.82,-620.74,3902.50,0.00,-472.50
2024-02-29 14:40:58.942837,-46,212,0,-468.48,-649.16,-619.64,2677.50,-420.00,-87.50
2024-02-29 14:40:58.953565,-46,224,0,-467.99,-650.38,-618.66,1960.00,-630.00,227.50
2024-02-29 14:40:58.965649,-46,192,0,-468.11,-651.72,-618.17,630.00,-1207.50,542.50
2024-02-29 14:40:58.972012,-46,273,0,-468.72,-652.46,-617.44,-332.50,-1487.50,455.00
2024-02-29 14:40:58.983892,-46,216,0,-469.09,-652.94,-616.47,0.00,-787.50,105.00
2024-02-29 14:40:58.989806,-46,156,0,-468.97,-653.31,-616.34,332.50,-350.00,-437.50
2024-02-29 14:40:59.000782,-46,138,0,-468.72,-653.19,-617.32,-210.00,-822.50,-980.00
2024-02-29 14:40:59.007502,-46,170,0,-467.99,-652.58,-618.17,-122.50,-1662.50,-1505.00
2024-02-29 14:40:59.018991,-46,216,0,-467.26,-652.33,-618.54,-227.50,-2012.50,-1662.50
2024-02-29 14:40:59.026096,-46,215,0,-467.02,-652.21,-618.66,-980.00,-2135.00,-1330.00
2024-02-29 14:40:59.037278,-46,215,0,-467.38,-651.97,-618.66,-280.00,-2222.50,-980.00
2024-02-29 14:40:59.043802,-46,213,0,-467.99,-651.48,-618.54,52.50,-2117.50,-840.00
2024-02-29 14:40:59.055500,-46,215,0,-468.72,-651.60,-617.93,87.50,-1540.00,-420.00
2024-02-29 14:40:59.059860,-46,291,0,-469.33,-651.48,-617.44,665.00,-665.00,-175.00
2024-02-29 14:40:59.072581,-46,217,0,-469.70,-650.99,-617.69,1505.00,-472.50,-385.00
2024-02-29 14:40:59.079006,-46,213,0,-469.94,-650.38,-618.30,1312.50,-980.00,-997.50
2024-02-29 14:40:59.089757,-46,227,0,-469.94,-650.14,-618.42,1242.50,-1067.50,-1312.50
2024-02-29 14:40:59.096620,-46,215,0,-469.70,-650.02,-618.30,1400.00,-805.00,-1365.00
2024-02-29 14:40:59.107347,-46,215,0,-469.70,-649.89,-618.30,1050.00,-577.50,-1505.00
2024-02-29 14:40:59.119001,-46,224,0,-469.94,-649.53,-618.54,1575.00,-262.50,-1942.50
2024-02-29 14:40:59.125428,-46,216,0,-470.07,-649.53,-618.66,2712.50,52.50,-2152.50
2024-02-29 14:40:59.137298,-46,159,0,-469.82,-649.53,-618.78,3167.50,245.00,-2100.00
2024-02-29 14:40:59.143493,-46,214,0,-469.46,-649.65,-618.66,3447.50,87.50,-1855.00
2024-02-29 14:40:59.154501,-46,262,0,-469.21,-650.14,-618.54,3045.00,-315.00,-1470.00
2024-02-29 14:40:59.161340,-46,133,0,-468.97,-650.75,-617.93,3535.00,-717.50,-1015.00
2024-02-29 14:40:59.171765,-46,215,0,-468.24,-651.48,-617.56,3412.50,-1225.00,-840.00
2024-02-29 14:40:59.178583,-46,216,0,-467.87,-652.70,-617.56,1627.50,-1907.50,-612.50
2024-02-29 14:40:59.188974,-46,215,0,-467.75,-653.55,-617.08,437.50,-2292.50,-735.00
2024-02-29 14:40:59.200903,-46,167,0,-467.38,-653.68,-616.59,612.50,-2397.50,-1487.50
2024-02-29 14:40:59.209535,-46,199,0,-467.02,-653.68,-616.34,-192.50,-2765.00,-2100.00
2024-02-29 14:40:59.214811,-46,247,0,-467.02,-653.92,-616.22,-980.00,-2992.50,-2135.00
2024-02-29 14:40:59.225598,-46,231,0,-467.14,-654.16,-615.98,-857.50,-2940.00,-1960.00
2024-02-29 14:40:59.232640,-46,289,0,-467.50,-654.29,-615.61,-980.00,-2625.00,-1715.00
2024-02-29 14:40:59.243944,-46,213,0,-467.99,-654.41,-615.12,-962.50,-2327.50,-1452.50
2024-02-29 14:40:59.251011,-46,296,0,-468.48,-654.41,-615.00,-945.00,-2047.50,-1540.00
2024-02-29 14:40:59.262220,-46,220,0,-468.97,-654.16,-614.76,-1137.50,-2170.00,-1785.00
2024-02-29 14:40:59.269435,-46,216,0,-469.21,-653.80,-614.51,-192.50,-2362.50,-2205.00
2024-02-29 14:40:59.279546,-46,226,0,-469.21,-653.68,-614.51,-630.00,-2677.50,-2572.50
2024-02-29 14:40:59.286698,-46,216,0,-469.33,-653.68,-614.76,-1085.00,-3115.00,-2747.50
2024-02-29 14:40:59.297298,-46,229,0,-469.46,-653.68,-614.76,-1067.50,-3150.00,-3115.00
2024-02-29 14:40:59.307828,-46,216,0,-469.94,-653.43,-614.64,-1120.00,-3167.50,-3552.50
2024-02-29 14:40:59.315182,-46,216,0,-470.31,-653.43,-614.39,-1627.50,-2870.00,-3815.00
2024-02-29 14:40:59.325307,-46,216,0,-470.43,-653.43,-613.90,-805.00,-2012.50,-3832.50
2024-02-29 14:40:59.332240,-46,135,0,-470.55,-652.94,-613.90,-700.00,-1627.50,-3920.00
2024-02-29 14:40:59.343543,-46,216,0,-470.55,-652.33,-614.39,52.50,-1802.50,-3902.50
2024-02-29 14:40:59.350172,-46,154,0,-470.55,-652.21,-614.39,647.50,-1890.00,-3955.00
2024-02-29 14:40:59.361799,-46,215,0,-470.80,-652.70,-613.78,262.50,-1400.00,-3570.00
2024-02-29 14:40:59.368384,-46,224,0,-471.29,-653.55,-613.17,595.00,-980.00,-3027.50
2024-02-29 14:40:59.380017,-46,135,0,-471.41,-654.29,-612.93,822.50,-1102.50,-2590.00
2024-02-29 14:40:59.386898,-46,133,0,-470.92,-654.65,-613.05,-52.50,-1960.00,-2747.50
2024-02-29 14:40:59.397376,-46,207,0,-470.19,-654.90,-613.17,-1715.00,-2975.00,-3132.50
2024-02-29 14:40:59.404683,-46,157,0,-469.46,-655.14,-613.17,-3045.00,-3797.50,-3272.50
2024-02-29 14:40:59.415167,-46,209,0,-468.85,-655.38,-612.93,-3797.50,-3920.00,-3500.00
2024-02-29 14:40:59.425688,-46,196,0,-468.48,-655.87,-612.20,-3885.00,-3220.00,-3325.00
2024-02-29 14:40:59.433032,-46,213,0,-468.11,-657.09,-611.71,-3780.00,-2170.00,-2467.50
2024-02-29 14:40:59.444122,-46,202,0,-467.75,-658.07,-612.32,-3535.00,-1960.00,-1557.50
2024-02-29 14:40:59.451261,-46,227,0,-467.02,-658.80,-612.93,-3185.00,-2520.00,-682.50
2024-02-29 14:40:59.462372,-46,215,0,-465.92,-659.17,-613.17,-4217.50,-2905.00,-280.00
2024-02-29 14:40:59.469357,-46,215,0,-465.06,-659.17,-612.93,-5670.00,-2922.50,-105.00
2024-02-29 14:40:59.480713,-46,132,0,-464.58,-659.04,-612.68,-7122.50,-2835.00,-350.00
2024-02-29 14:40:59.487777,-46,139,0,-464.82,-658.80,-612.93,-7017.50,-2765.00,-490.00
2024-02-29 14:40:59.498990,-46,172,0,-465.31,-658.19,-613.66,-6545.00,-3045.00,-752.50
2024-02-29 14:40:59.507646,-46,215,0,-466.04,-656.85,-614.51,-5740.00,-3657.50,-1697.50
2024-02-29 14:40:59.513296,-46,216,0,-466.77,-656.12,-614.64,-4952.50,-4182.50,-2590.00
2024-02-29 14:40:59.523882,-46,136,0,-467.38,-656.85,-613.17,-6107.50,-3587.50,-2100.00
2024-02-29 14:40:59.531005,-46,212,0,-467.75,-657.46,-611.71,-7490.00,-2030.00,-927.50
2024-02-29 14:40:59.542206,-46,211,0,-468.48,-656.60,-612.20,-7192.50,-1627.50,-805.00
2024-02-29 14:40:59.549367,-46,214,0,-468.85,-654.65,-614.15,-6790.00,-2747.50,-1977.50
2024-02-29 14:40:59.560593,-46,279,0,-468.72,-652.46,-615.37,-5862.50,-3780.00,-3325.00
2024-02-29 14:40:59.567834,-46,293,0,-468.60,-650.87,-615.73,-4707.50,-3535.00,-4830.00
2024-02-29 14:40:59.577985,-46,231,0,-468.97,-650.38,-616.59,-3342.50,-3780.00,-4725.00
2024-02-29 14:40:59.585228,-46,295,0,-469.21,-650.50,-617.32,-5057.50,-4182.50,-3937.50
2024-02-29 14:40:59.596299,-46,133,0,-469.82,-649.89,-616.95,-4060.00,-3342.50,-3657.50
2024-02-29 14:40:59.603447,-46,302,0,-470.43,-648.80,-617.32,-857.50,-2730.00,-4200.00
2024-02-29 14:40:59.614739,-46,296,0,-470.80,-648.06,-618.54,17.50,-3272.50,-4987.50
2024-02-29 14:40:59.621553,-46,213,0,-470.43,-648.19,-618.78,-822.50,-3552.50,-5092.50
2024-02-29 14:40:59.633004,-46,216,0,-469.70,-649.28,-617.93,-2117.50,-2782.50,-4340.00
2024-02-29 14:40:59.640348,-46,213,0,-468.97,-650.14,-617.69,-2397.50,-2310.00,-3412.50
2024-02-29 14:40:59.651442,-46,132,0,-468.24,-650.26,-618.30,-3360.00,-2887.50,-3167.50
2024-02-29 14:40:59.658802,-46,224,0,-467.75,-650.38,-618.91,-3920.00,-3797.50,-3535.00
2024-02-29 14:40:59.669810,-46,216,0,-467.50,-650.50,-619.03,-3727.50,-4217.50,-3850.00
2024-02-29 14:40:59.677213,-46,201,0,-467.38,-650.75,-618.78,-4392.50,-4305.00,-4287.50
2024-02-29 14:40:59.688212,-46,215,0,-467.26,-650.99,-618.30,-5705.00,-3972.50,-4637.50
2024-02-29 14:40:59.695484,-46,282,0,-467.26,-651.36,-617.93,-6632.50,-3307.50,-4270.00
2024-02-29 14:40:59.705617,-46,300,0,-467.75,-650.99,-618.30,-6230.00,-3080.00,-4270.00
2024-02-29 14:40:59.712877,-46,129,0,-468.24,-649.89,-619.52,-4392.50,-3605.00,-4847.50
2024-02-29 14:40:59.723979,-46,215,0,-468.72,-648.80,-620.25,-2485.00,-3972.50,-5547.50
2024-02-29 14:40:59.731341,-46,216,0,-468.97,-648.31,-620.49,-1452.50,-3517.50,-5617.50
2024-02-29 14:40:59.742435,-46,298,0,-468.97,-648.31,-620.37,-1190.00,-2992.50,-5145.00
2024-02-29 14:40:59.749786,-46,216,0,-468.72,-648.31,-620.25,-2467.50,-2432.50,-4760.00
2024-02-29 14:40:59.759951,-46,215,0,-468.36,-648.06,-620.61,-1960.00,-2187.50,-4480.00
2024-02-29 14:40:59.767229,-46,212,0,-467.99,-647.58,-621.59,-1487.50,-2782.50,-4725.00
2024-02-29 14:40:59.777352,-46,159,0,-467.63,-646.97,-622.44,-1400.00,-3815.00,-5337.50
2024-02-29 14:40:59.784653,-46,215,0,-467.38,-646.84,-622.57,-2292.50,-4025.00,-5442.50
2024-02-29 14:40:59.794688,-46,139,0,-467.50,-646.72,-622.08,-3132.50,-3360.00,-5565.00
2024-02-29 14:40:59.802013,-46,142,0,-467.87,-646.36,-621.96,-2712.50,-2502.50,-5722.50
2024-02-29 14:40:59.812379,-46,188,0,-468.24,-646.11,-622.32,-1120.00,-2205.00,-5600.00
2024-02-29 14:40:59.822976,-46,186,0,-468.60,-645.62,-622.44,-35.00,-1802.50,-5267.50
2024-02-29 14:40:59.829602,-46,139,0,-468.85,-645.38,-621.96,752.50,-805.00,-5145.00
2024-02-29 14:40:59.841262,-46,145,0,-469.33,-645.38,-622.20,2432.50,-245.00,-4865.00
2024-02-29 14:40:59.848066,-46,215,0,-469.70,-645.62,-622.69,3307.50,-262.50,-4637.50
2024-02-29 14:40:59.859506,-46,216,0,-469.46,-645.75,-622.57,3990.00,-87.50,-4620.00
2024-02-29 14:40:59.866194,-46,216,0,-468.72,-645.87,-622.44,4672.50,-105.00,-4602.50
2024-02-29 14:40:59.876838,-46,212,0,-467.99,-646.11,-622.81,4340.00,-875.00,-4760.00
2024-02-29 14:40:59.883761,-46,211,0,-467.26,-646.84,-622.93,3220.00,-1680.00,-4760.00
2024-02-29 14:40:59.895073,-46,241,0,-467.02,-648.06,-621.59,3692.50,-1137.50,-4322.50
2024-02-29 14:40:59.902040,-46,215,0,-467.02,-649.53,-620.00,4007.50,-175.00,-3710.00
2024-02-29 14:40:59.912420,-46,231,0,-467.14,-650.50,-619.15,3377.50,245.00,-3430.00
2024-02-29 14:40:59.918832,-46,216,0,-467.02,-650.99,-618.66,2205.00,192.50,-3552.50
2024-02-29 14:40:59.929594,-46,139,0,-466.89,-651.72,-617.81,787.50,315.00,-3465.00
2024-02-29 14:40:59.941568,-46,144,0,-466.53,-652.33,-617.44,367.50,577.50,-2992.50
2024-02-29 14:40:59.945948,-46,217,0,-465.92,-652.46,-617.93,577.50,332.50,-2940.00
2024-02-29 14:40:59.959777,-46,214,0,-465.31,-652.09,-619.03,1085.00,-262.50,-3115.00
2024-02-29 14:40:59.966509,-46,208,0,-464.70,-651.97,-620.00,1785.00,-717.50,-3132.50
2024-02-29 14:40:59.977013,-46,123,0,-464.09,-651.97,-620.61,2677.50,-472.50,-2957.50
2024-02-29 14:40:59.983779,-46,216,0,-463.48,-651.72,-620.98,2905.00,-122.50,-2817.50
2024-02-29 14:40:59.994279,-46,297,0,-463.11,-651.48,-621.22,3237.50,140.00,-2922.50
2024-02-29 14:41:00.000720,-46,215,0,-462.87,-651.72,-620.86,4357.50,525.00,-2817.50
2024-02-29 14:41:00.011561,-46,216,0,-462.75,-653.19,-619.88,4952.50,1102.50,-1942.50
2024-02-29 14:41:00.018203,-46,151,0,-462.62,-654.65,-618.78,4305.00,1295.00,-700.00
2024-02-29 14:41:00.028824,-46,216,0,-462.14,-655.51,-617.93,3290.00,1347.50,-227.50
2024-02-29 14:41:00.040757,-46,215,0,-461.77,-656.12,-617.32,2432.50,1190.00,-175.00
2024-02-29 14:41:00.045037,-46,215,0,-461.53,-656.85,-616.83,1207.50,945.00,245.00
2024-02-29 14:41:00.059032,-46,214,0,-461.40,-657.34,-616.47,140.00,787.50,840.00
2024-02-29 14:41:00.064787,-46,225,0,-461.53,-657.09,-616.59,-245.00,525.00,927.50
2024-02-29 14:41:00.076030,-46,197,0,-461.89,-656.12,-616.83,-35.00,420.00,612.50
2024-02-29 14:41:00.081959,-46,213,0,-462.38,-655.14,-617.44,1417.50,595.00,140.00
2024-02-29 14:41:00.094073,-46,224,0,-462.62,-654.65,-618.30,3167.50,840.00,-175.00
2024-02-29 14:41:00.100458,-46,216,0,-462.62,-654.41,-618.91,3762.50,1032.50,-280.00
2024-02-29 14:41:00.112370,-46,243,0,-461.89,-654.29,-619.15,4847.50,910.00,-385.00
2024-02-29 14:41:00.116720,-46,209,0,-461.16,-654.29,-619.39,5285.00,822.50,-787.50
2024-02-29 14:41:00.129496,-46,288,0,-460.55,-654.65,-619.76,5582.50,350.00,-840.00
2024-02-29 14:41:00.135971,-46,216,0,-460.31,-655.02,-620.13,4760.00,-210.00,-1155.00
2024-02-29 14:41:00.146770,-46,159,0,-460.31,-655.14,-620.13,4742.50,-525.00,-2082.50
2024-02-29 14:41:00.158623,-46,139,0,-460.18,-655.14,-620.00,5460.00,-647.50,-3150.00
2024-02-29 14:41:00.165399,-46,213,0,-460.31,-655.63,-620.00,5057.50,-875.00,-4305.00
2024-02-29 14:41:00.175912,-46,216,0,-460.43,-656.36,-619.52,5022.50,-892.50,-4882.50
2024-02-29 14:41:00.182722,-46,215,0,-460.06,-657.09,-618.30,5022.50,-332.50,-5355.00
2024-02-29 14:41:00.194235,-46,211,0,-459.33,-658.43,-617.32,5005.00,105.00,-5512.50
2024-02-29 14:41:00.200821,-46,212,0,-458.60,-660.02,-616.83,4340.00,-157.50,-5040.00
2024-02-29 14:41:00.211476,-46,222,0,-457.74,-661.12,-616.59,3920.00,-630.00,-4672.50
2024-02-29 14:41:00.218369,-46,241,0,-456.77,-661.73,-616.47,3622.50,-1295.00,-4830.00
2024-02-29 14:41:00.228857,-46,215,0,-456.28,-662.22,-616.22,3185.00,-1802.50,-4830.00
2024-02-29 14:41:00.235967,-46,284,0,-456.16,-662.58,-616.10,3605.00,-2012.50,-4830.00
2024-02-29 14:41:00.246411,-46,296,0,-456.04,-662.58,-615.98,3290.00,-2240.00,-5092.50
2024-02-29 14:41:00.258232,-46,214,0,-456.16,-662.83,-615.37,3150.00,-1855.00,-5075.00
2024-02-29 14:41:00.266815,-46,213,0,-456.28,-663.31,-614.88,4305.00,-1470.00,-4655.00
2024-02-29 14:41:00.272270,-46,215,0,-456.16,-663.92,-614.27,3972.50,-1312.50,-4095.00
2024-02-29 14:41:00.282236,-46,215,0,-455.91,-664.90,-613.29,3535.00,-1417.50,-3307.50
2024-02-29 14:41:00.293983,-46,135,0,-455.67,-665.63,-612.32,2922.50,-1452.50,-2695.00
2024-02-29 14:41:00.301041,-46,216,0,-455.55,-666.12,-611.71,2030.00,-1872.50,-2502.50
2024-02-29 14:41:00.312361,-46,214,0,-455.67,-666.61,-611.10,927.50,-2397.50,-2450.00
2024-02-29 14:41:00.320936,-46,229,0,-455.67,-666.61,-610.12,-52.50,-2607.50,-2572.50
2024-02-29 14:41:00.326117,-46,133,0,-455.79,-666.85,-609.15,-822.50,-2170.00,-2520.00
2024-02-29 14:41:00.337048,-46,216,0,-455.91,-667.46,-609.15,-175.00,-2100.00,-2047.50
2024-02-29 14:41:00.343813,-46,216,0,-456.04,-667.58,-609.51,17.50,-2432.50,-1872.50
2024-02-29 14:41:00.355288,-46,216,0,-455.91,-667.58,-609.39,910.00,-2345.00,-2205.00
2024-02-29 14:41:00.362294,-46,214,0,-455.67,-667.58,-609.39,1540.00,-1942.50,-2327.50
2024-02-29 14:41:00.373540,-46,214,0,-455.30,-667.22,-610.24,1225.00,-2135.00,-3027.50
2024-02-29 14:41:00.380643,-46,216,0,-454.57,-666.85,-611.34,1715.00,-2765.00,-3885.00
2024-02-29 14:41:00.391949,-46,242,0,-453.84,-667.10,-612.07,1470.00,-3220.00,-4060.00
2024-02-29 14:41:00.399135,-46,136,0,-453.47,-667.10,-612.56,1452.50,-3360.00,-4235.00
2024-02-29 14:41:00.410366,-46,225,0,-453.23,-667.10,-612.44,2187.50,-3080.00,-4935.00
2024-02-29 14:41:00.417392,-46,216,0,-453.11,-667.83,-611.95,3727.50,-2817.50,-4777.50
2024-02-29 14:41:00.428811,-46,245,0,-453.11,-669.05,-611.22,3885.00,-2905.00,-4305.00
2024-02-29 14:41:00.435814,-46,224,0,-452.99,-669.78,-610.61,3167.50,-2905.00,-4357.50
2024-02-29 14:41:00.447101,-46,279,0,-452.86,-670.15,-609.76,2327.50,-2642.50,-4830.00
2024-02-29 14:41:00.454261,-46,221,0,-452.62,-670.51,-609.15,2415.00,-2415.00,-5285.00
2024-02-29 14:41:00.465491,-46,191,0,-452.62,-670.76,-608.90,2695.00,-2415.00,-5407.50
2024-02-29 14:41:00.472733,-46,215,0,-452.74,-670.88,-609.02,3272.50,-2905.00,-5530.00
2024-02-29 14:41:00.483999,-46,142,0,-452.62,-671.24,-608.54,3535.00,-3167.50,-5547.50
2024-02-29 14:41:00.492630,-46,210,0,-452.50,-672.22,-607.44,3307.50,-2712.50,-5162.50
2024-02-29 14:41:00.497980,-46,135,0,-452.38,-672.95,-606.71,3080.00,-2432.50,-4812.50
2024-02-29 14:41:00.508826,-46,225,0,-452.38,-673.44,-606.22,2607.50,-2677.50,-4690.00
2024-02-29 14:41:00.515900,-46,135,0,-452.50,-674.29,-605.24,2415.00,-2695.00,-4410.00
2024-02-29 14:41:00.527159,-46,227,0,-452.50,-675.15,-604.02,2835.00,-2257.50,-4270.00
2024-02-29 14:41:00.534412,-46,212,0,-452.38,-675.88,-603.53,2450.00,-1977.50,-4165.00
2024-02-29 14:41:00.545597,-46,211,0,-452.13,-676.12,-603.53,2450.00,-2327.50,-4515.00
2024-02-29 14:41:00.552702,-46,215,0,-451.64,-676.37,-603.41,2450.00,-2695.00,-4742.50
2024-02-29 14:41:00.563912,-46,300,0,-451.16,-676.98,-603.05,2205.00,-2677.50,-4427.50
2024-02-29 14:41:00.570973,-46,216,0,-450.67,-677.83,-602.44,1960.00,-2677.50,-3920.00
2024-02-29 14:41:00.582367,-46,216,0,-450.67,-678.44,-601.83,2047.50,-2432.50,-3657.50
2024-02-29 14:41:00.589355,-46,215,0,-450.42,-679.05,-601.22,2432.50,-2292.50,-3395.00
2024-02-29 14:41:00.600745,-46,202,0,-449.94,-680.03,-600.73,1907.50,-2240.00,-2975.00
2024-02-29 14:41:00.607657,-46,229,0,-449.45,-680.64,-600.00,875.00,-2117.50,-2835.00
2024-02-29 14:41:00.619047,-46,225,0,-449.08,-681.37,-599.02,560.00,-1645.00,-2555.00
2024-02-29 14:41:00.625920,-46,213,0,-448.84,-681.86,-598.53,332.50,-1277.50,-2205.00
2024-02-29 14:41:00.636294,-46,183,0,-448.96,-681.98,-598.53,367.50,-1452.50,-2100.00
2024-02-29 14:41:00.643274,-46,225,0,-449.20,-681.61,-598.78,1312.50,-1715.00,-2310.00
2024-02-29 14:41:00.653693,-46,158,0,-449.33,-681.25,-598.78,1592.50,-1785.00,-2660.00
2024-02-29 14:41:00.660734,-46,216,0,-449.33,-681.49,-598.53,1610.00,-1575.00,-2450.00
2024-02-29 14:41:00.671075,-46,269,0,-449.20,-681.49,-598.78,2222.50,-1575.00,-2257.50
2024-02-29 14:41:00.678134,-46,214,0,-449.20,-681.61,-598.90,2397.50,-1767.50,-2327.50
2024-02-29 14:41:00.687733,-46,216,0,-449.20,-681.98,-598.41,2765.00,-1592.50,-2362.50
2024-02-29 14:41:00.699359,-46,216,0,-449.08,-682.71,-597.80,3115.00,-1050.00,-2240.00
2024-02-29 14:41:00.706489,-46,216,0,-448.96,-683.20,-597.80,2502.50,-1207.50,-2292.50
2024-02-29 14:41:00.717706,-46,216,0,-448.72,-683.44,-597.92,1750.00,-1785.00,-2590.00
2024-02-29 14:41:00.724720,-46,218,0,-448.35,-683.57,-597.56,1417.50,-1960.00,-2922.50
2024-02-29 14:41:00.736082,-46,300,0,-447.98,-683.93,-597.19,1645.00,-1872.50,-2975.00
2024-02-29 14:41:00.743205,-46,216,0,-447.98,-684.18,-597.31,1750.00,-2100.00,-3237.50
2024-02-29 14:41:00.754522,-46,216,0,-448.11,-683.93,-597.80,2450.00,-2397.50,-3780.00
2024-02-29 14:41:00.761586,-46,216,0,-447.98,-683.93,-597.80,3290.00,-2467.50,-4305.00
2024-02-29 14:41:00.771910,-46,144,0,-447.74,-684.66,-597.31,3150.00,-2397.50,-4200.00
2024-02-29 14:41:00.778999,-46,152,0,-447.25,-685.52,-596.82,2765.00,-2257.50,-3675.00
2024-02-29 14:41:00.790254,-46,217,0,-446.40,-686.62,-596.09,2345.00,-2205.00,-2887.50
2024-02-29 14:41:00.797239,-46,216,0,-445.54,-687.71,-595.36,525.00,-2222.50,-2240.00
2024-02-29 14:41:00.808588,-46,216,0,-445.30,-688.69,-594.26,-682.50,-2012.50,-1837.50
2024-02-29 14:41:00.815681,-46,213,0,-445.06,-689.30,-593.41,-560.00,-1557.50,-1575.00
2024-02-29 14:41:00.825917,-46,215,0,-445.06,-690.03,-592.68,-927.50,-1277.50,-1365.00
2024-02-29 14:41:00.832929,-46,211,0,-445.06,-690.52,-592.19,-857.50,-787.50,-1155.00
2024-02-29 14:41:00.843123,-46,138,0,-445.30,-690.40,-592.19,-665.00,-735.00,-1347.50
2024-02-29 14:41:00.849653,-46,296,0,-445.42,-690.15,-592.31,52.50,-822.50,-1522.50
2024-02-29 14:41:00.859270,-46,214,0,-445.18,-690.28,-592.07,227.50,-682.50,-1417.50
2024-02-29 14:41:00.871197,-46,216,0,-444.81,-690.52,-592.07,227.50,-805.00,-1050.00
2024-02-29 14:41:00.877592,-46,213,0,-444.32,-690.76,-592.43,-70.00,-1190.00,-927.50
2024-02-29 14:41:00.888391,-46,224,0,-444.08,-690.89,-592.68,-402.50,-1610.00,-1120.00
2024-02-29 14:41:00.895417,-46,216,0,-443.84,-691.13,-592.31,-647.50,-1645.00,-1102.50
2024-02-29 14:41:00.905740,-46,293,0,-443.47,-691.74,-591.70,-805.00,-1295.00,-752.50
2024-02-29 14:41:00.917460,-46,209,0,-443.23,-692.23,-591.58,-945.00,-1032.50,-227.50
2024-02-29 14:41:00.924055,-46,223,0,-443.10,-692.47,-591.58,-1697.50,-1155.00,0.00
2024-02-29 14:41:00.935610,-46,245,0,-443.35,-692.59,-591.46,-2205.00,-1172.50,0.00
2024-02-29 14:41:00.942017,-46,213,0,-443.35,-692.84,-591.09,-1960.00,-1015.00,17.50
2024-02-29 14:41:00.952781,-46,216,0,-443.23,-693.20,-590.72,-2327.50,-1015.00,262.50
2024-02-29 14:41:00.959466,-46,298,0,-443.10,-693.57,-590.24,-2905.00,-857.50,682.50
2024-02-29 14:41:00.969980,-46,164,0,-443.35,-693.69,-589.87,-3675.00,-577.50,927.50
2024-02-29 14:41:00.976425,-46,215,0,-443.59,-693.33,-589.63,-3430.00,-245.00,857.50
2024-02-29 14:41:00.986912,-46,216,0,-443.96,-692.72,-589.87,-2765.00,-17.50,682.50
2024-02-29 14:41:00.997844,-46,212,0,-444.32,-692.11,-590.48,-2432.50,-175.00,787.50
2024-02-29 14:41:01.004412,-46,215,0,-444.81,-691.01,-591.46,-2135.00,-560.00,630.00
2024-02-29 14:41:01.015099,-46,215,0,-445.30,-689.79,-592.19,-1137.50,-735.00,210.00
2024-02-29 14:41:01.021485,-46,215,0,-445.67,-689.06,-592.43,-157.50,-262.50,157.50
2024-02-29 14:41:01.033357,-46,216,0,-446.15,-688.57,-592.80,437.50,70.00,420.00
2024-02-29 14:41:01.039106,-46,211,0,-446.52,-688.20,-592.92,1085.00,175.00,647.50
2024-02-29 14:41:01.051267,-46,133,0,-446.52,-688.32,-592.55,1260.00,630.00,857.50
