Time,x,y,pressure,accel_x,accel_y,accel_z,gyro_x,gyro_y,gyro_z
2024-02-29 14:40:39.677876,152,69,514,-729.07,-547.54,-499.10,-402.50,-59727.50,-2292.50
2024-02-29 14:40:39.687876,152,67,0,-729.32,-543.39,-497.39,1610.00,-55142.50,-1925.00
2024-02-29 14:40:39.695129,151,71,0,-729.56,-545.22,-494.34,4585.00,-53095.00,3325.00
2024-02-29 14:40:39.704532,152,69,0,-728.83,-548.51,-481.90,3062.50,-41702.50,9695.00
2024-02-29 14:40:39.716326,151,70,475,-727.97,-557.05,-468.97,1715.00,-28682.50,18515.00
2024-02-29 14:40:39.723559,151,70,474,-727.36,-566.57,-454.21,4217.50,-13842.50,30695.00
2024-02-29 14:40:39.734871,151,71,475,-727.36,-558.76,-434.81,19582.50,6142.50,32637.50
2024-02-29 14:40:39.743450,151,71,476,-727.73,-536.92,-417.61,32077.50,24185.00,21682.50
2024-02-29 14:40:39.749016,151,71,476,-727.85,-509.84,-401.38,41212.50,38202.50,6072.50
2024-02-29 14:40:39.760087,151,71,466,-726.39,-484.22,-384.42,49105.00,52500.00,-15732.50
2024-02-29 14:40:39.767593,152,72,462,-723.22,-477.14,-374.78,51975.00,61652.50,-26932.50
2024-02-29 14:40:39.778846,152,73,446,-719.68,-488.98,-375.27,49525.00,61740.00,-22662.50
2024-02-29 14:40:39.786233,152,88,0,-716.38,-510.08,-381.98,41142.50,55090.00,-9992.50
2024-02-29 14:40:39.796448,152,75,444,-713.58,-531.68,-387.96,32742.50,46655.00,4217.50
2024-02-29 14:40:39.803590,152,76,434,-711.50,-546.44,-388.20,23520.00,41772.50,14052.50
2024-02-29 14:40:39.814052,153,78,429,-710.41,-554.37,-385.15,14070.00,40215.00,17797.50
2024-02-29 14:40:39.821190,153,77,0,-710.04,-560.47,-384.06,5075.00,38517.50,19810.00
2024-02-29 14:40:39.832695,154,82,444,-710.53,-567.67,-387.84,-6177.50,34055.00,23222.50
2024-02-29 14:40:39.840121,155,86,0,-711.26,-576.21,-394.91,-18095.00,27177.50,29032.50
2024-02-29 14:40:39.851247,156,87,436,-712.48,-582.67,-401.50,-29190.00,20825.00,35087.50
2024-02-29 14:40:39.858869,157,90,0,-714.43,-585.11,-406.50,-35875.00,15942.50,38920.00
2024-02-29 14:40:39.869945,158,90,0,-719.56,-575.60,-407.85,-35402.50,11410.00,37660.00
2024-02-29 14:40:39.877553,158,96,434,-727.97,-548.88,-400.28,-21805.00,13755.00,18725.00
2024-02-29 14:40:39.887698,158,98,453,-733.22,-529.97,-391.99,-11252.50,21910.00,630.00
2024-02-29 14:40:39.895060,159,100,0,-737.12,-526.92,-401.87,-12722.50,20457.50,-1242.50
2024-02-29 14:40:39.905287,160,103,442,-743.10,-525.33,-430.05,-14805.00,2572.50,-3097.50
2024-02-29 14:40:39.913026,160,105,458,-748.10,-526.19,-452.50,-15155.00,-16765.00,-3692.50
2024-02-29 14:40:39.922822,161,107,455,-750.54,-529.72,-458.96,-16817.50,-23590.00,-2030.00
2024-02-29 14:40:39.930758,162,109,0,-752.25,-530.46,-466.28,-16887.50,-29242.50,-1207.50
2024-02-29 14:40:39.941463,-46,208,0,-753.72,-524.84,-477.63,-14175.00,-41737.50,-5950.00
2024-02-29 14:40:39.949408,-46,213,0,-753.11,-521.79,-481.78,-13440.00,-51467.50,-12337.50
2024-02-29 14:40:39.960141,-46,215,0,-751.76,-526.80,-479.22,-14192.50,-53480.00,-12495.00
2024-02-29 14:40:39.967943,-46,219,0,-752.98,-533.14,-476.78,-19775.00,-54425.00,-8592.50
2024-02-29 14:40:39.977773,-46,218,0,-753.72,-532.77,-475.56,-28770.00,-58310.00,-6965.00
2024-02-29 14:40:39.985590,-46,300,0,-751.76,-531.92,-468.48,-27877.50,-56035.00,-7997.50
2024-02-29 14:40:39.995351,-46,242,0,-750.79,-535.95,-462.14,-26110.00,-48317.50,-2975.00
2024-02-29 14:40:40.003050,-46,218,0,-751.40,-536.56,-465.31,-20702.50,-48055.00,1365.00
2024-02-29 14:40:40.013006,-46,216,0,-751.64,-533.87,-466.04,-15067.50,-48895.00,2695.00
2024-02-29 14:40:40.020528,-46,136,0,-751.03,-531.68,-457.50,-12827.50,-41440.00,5775.00
2024-02-29 14:40:40.031651,-46,213,0,-750.67,-529.72,-449.45,-11025.00,-32567.50,8767.50
2024-02-29 14:40:40.039230,-46,218,0,-750.54,-530.46,-444.45,-9590.00,-26460.00,12267.50
2024-02-29 14:40:40.049103,-46,218,0,-750.18,-534.36,-438.47,-9310.00,-19145.00,17815.00
2024-02-29 14:40:40.056809,-46,218,0,-750.30,-538.51,-431.88,-6422.50,-11340.00,23905.00
2024-02-29 14:40:40.067705,-46,218,0,-753.59,-530.33,-420.66,5390.00,-157.50,25322.50
2024-02-29 14:40:40.074671,-46,245,0,-759.33,-511.18,-409.07,20037.50,13492.50,16082.50
2024-02-29 14:40:40.085215,-46,215,0,-765.79,-488.12,-400.16,31132.50,23835.00,5512.50
2024-02-29 14:40:40.092640,-46,214,0,-771.16,-465.67,-393.33,39725.00,30975.00,-10080.00
2024-02-29 14:40:40.102898,-46,225,0,-771.04,-460.18,-391.38,41965.00,31622.50,-17465.00
2024-02-29 14:40:40.110581,-46,192,0,-766.16,-474.58,-393.45,37677.50,28682.50,-10622.50
2024-02-29 14:40:40.121631,-46,290,0,-760.30,-495.56,-396.26,29172.50,23362.50,3605.00
2024-02-29 14:40:40.128831,-46,141,0,-755.55,-511.42,-395.65,19792.50,20212.50,14805.00
2024-02-29 14:40:40.140215,-46,162,0,-750.30,-524.11,-392.84,12740.00,18130.00,23117.50
2024-02-29 14:40:40.147447,-46,218,0,-744.32,-538.63,-391.86,1190.00,15995.00,32987.50
2024-02-29 14:40:40.158829,-46,217,0,-739.56,-551.32,-394.43,-11357.50,11147.50,43557.50
2024-02-29 14:40:40.166427,-46,220,0,-736.03,-555.95,-399.67,-21980.00,3902.50,47862.50
2024-02-29 14:40:40.175596,-46,218,0,-733.46,-554.86,-404.67,-29225.00,-4865.00,45395.00
2024-02-29 14:40:40.183050,-46,136,0,-739.44,-546.19,-395.28,-33565.00,-9065.00,42507.50
2024-02-29 14:40:40.193061,-46,136,0,-751.52,-510.20,-362.71,-13755.00,16450.00,18882.50
2024-02-29 14:40:40.200416,-46,234,0,-758.84,-480.19,-356.48,-6930.00,29960.00,-6037.50
2024-02-29 14:40:40.211596,-46,217,0,-764.09,-480.19,-383.32,-3675.00,15540.00,-5740.00
2024-02-29 14:40:40.218699,-46,217,0,-770.67,-481.17,-408.58,-700.00,-945.00,-4795.00
2024-02-29 14:40:40.229592,-46,142,0,-777.63,-478.85,-429.44,-1330.00,-17220.00,-5390.00
2024-02-29 14:40:40.239987,-46,218,0,-781.29,-473.97,-444.32,-8032.50,-30485.00,-8330.00
2024-02-29 14:40:40.247876,-46,80,0,-781.29,-472.63,-455.30,-5845.00,-37852.50,-10990.00
2024-02-29 14:40:40.257553,141,79,472,-781.78,-476.17,-460.43,-3727.50,-39812.50,-6825.00
2024-02-29 14:40:40.265272,139,78,484,-782.26,-476.29,-461.04,-1190.00,-38430.00,-2275.00
2024-02-29 14:40:40.275032,137,66,0,-782.14,-472.87,-457.99,1732.50,-34020.00,-577.50
2024-02-29 14:40:40.281880,134,76,0,-781.53,-472.87,-453.60,4952.50,-29347.50,857.50
2024-02-29 14:40:40.292345,131,63,0,-780.07,-476.53,-442.01,8592.50,-22067.50,5022.50
2024-02-29 14:40:40.299472,128,76,441,-778.36,-468.72,-417.97,16450.00,-3710.00,4217.50
2024-02-29 14:40:40.310224,124,75,428,-776.77,-450.42,-394.67,25812.50,17692.50,-7927.50
2024-02-29 14:40:40.320869,120,74,438,-775.92,-437.37,-379.91,32532.50,32270.00,-17377.50
2024-02-29 14:40:40.328471,116,74,0,-773.48,-435.05,-370.15,36312.50,43452.50,-23135.00
2024-02-29 14:40:40.339607,111,72,438,-765.43,-445.06,-361.61,36050.00,51765.00,-21000.00
2024-02-29 14:40:40.347336,106,72,0,-752.98,-460.55,-348.68,36312.50,63122.50,-13615.00
2024-02-29 14:40:40.358268,101,71,450,-743.71,-473.85,-337.94,28070.00,73832.50,-4830.00
2024-02-29 14:40:40.366934,96,69,0,-741.27,-488.00,-345.63,8872.50,67725.00,4130.00
2024-02-29 14:40:40.372551,91,71,452,-743.35,-513.01,-369.66,-12215.00,43540.00,15872.50
2024-02-29 14:40:40.382997,87,71,458,-750.30,-543.39,-386.01,-27195.00,19390.00,33967.50
2024-02-29 14:40:40.393437,84,71,452,-761.89,-532.16,-363.19,-15697.50,25410.00,31255.00
2024-02-29 14:40:40.400810,81,71,459,-769.58,-500.20,-348.92,-7945.00,45745.00,4095.00
2024-02-29 14:40:40.411013,79,71,463,-773.24,-494.71,-375.76,-9327.50,34475.00,420.00
2024-02-29 14:40:40.417887,76,73,466,-777.63,-497.76,-405.77,-3815.00,19757.50,5792.50
2024-02-29 14:40:40.428444,74,74,450,-781.78,-487.27,-430.54,2257.50,9047.50,8592.50
2024-02-29 14:40:40.434928,73,72,0,-786.66,-476.53,-455.79,7665.00,-3237.50,420.00
2024-02-29 14:40:40.446280,72,76,450,-794.95,-488.12,-476.17,15365.00,-15715.00,10570.00
2024-02-29 14:40:40.457866,72,79,0,-803.61,-487.27,-481.90,31062.50,-16170.00,20597.50
2024-02-29 14:40:40.466498,72,78,479,-807.64,-462.38,-475.68,44310.00,-13352.50,10167.50
2024-02-29 14:40:40.472391,72,80,488,-807.27,-448.47,-458.72,49525.00,-4497.50,2432.50
2024-02-29 14:40:40.483144,73,81,485,-805.69,-453.35,-444.57,42980.00,8225.00,5582.50
2024-02-29 14:40:40.490025,74,82,501,-801.91,-462.26,-446.76,38552.50,6142.50,10360.00
2024-02-29 14:40:40.501583,76,83,605,-794.59,-472.14,-450.79,29365.00,-2765.00,14315.00
2024-02-29 14:40:40.508966,78,84,619,-785.19,-483.36,-445.67,20090.00,-5407.50,18637.50
2024-02-29 14:40:40.519182,-46,203,0,-773.72,-492.64,-439.20,9940.00,-5827.50,21682.50
2024-02-29 14:40:40.526358,-46,205,0,-761.40,-501.18,-436.88,-1925.00,-9922.50,23730.00
2024-02-29 14:40:40.537664,-46,129,0,-749.69,-511.55,-437.49,-15242.50,-16765.00,26425.00
2024-02-29 14:40:40.545580,-46,272,0,-747.74,-515.45,-428.22,-28140.00,-22190.00,28455.00
2024-02-29 14:40:40.555315,-46,222,0,-755.91,-485.68,-391.25,-19967.50,3132.50,5845.00
2024-02-29 14:40:40.562837,-46,224,0,-762.87,-467.26,-381.37,-23607.50,20527.50,-19267.50
2024-02-29 14:40:40.572873,-46,197,0,-767.50,-482.51,-408.58,-24535.00,2432.50,-10167.50
2024-02-29 14:40:40.580628,-46,154,0,-771.16,-479.22,-421.63,-20037.50,-9852.50,-8155.00
2024-02-29 14:40:40.591563,103,81,600,-773.97,-461.89,-420.90,-15925.00,-10307.50,-15872.50
2024-02-29 14:40:40.599498,104,81,507,-778.12,-455.55,-422.12,-13300.00,-4707.50,-17675.00
2024-02-29 14:40:40.610272,105,81,486,-783.24,-462.62,-438.96,-8120.00,-10272.50,-9677.50
2024-02-29 14:40:40.617378,105,82,0,-787.75,-469.58,-456.28,70.00,-21262.50,-1050.00
2024-02-29 14:40:40.628608,106,80,461,-790.44,-472.14,-463.36,5232.50,-25812.50,3605.00
2024-02-29 14:40:40.635618,106,80,454,-792.51,-475.92,-466.53,5810.00,-27615.00,8085.00
2024-02-29 14:40:40.646132,106,80,453,-794.71,-482.02,-469.94,4970.00,-30380.00,14542.50
2024-02-29 14:40:40.653379,106,80,447,-796.17,-486.05,-469.94,4375.00,-32322.50,20685.00
2024-02-29 14:40:40.664609,106,79,435,-797.27,-485.80,-466.16,3587.50,-31832.50,23782.50
2024-02-29 14:40:40.671982,106,80,426,-798.25,-483.73,-462.14,3360.00,-32305.00,24447.50
2024-02-29 14:40:40.683186,107,82,428,-798.98,-483.85,-456.40,1995.00,-33845.00,24290.00
2024-02-29 14:40:40.690578,107,86,0,-798.37,-485.80,-444.45,-1890.00,-33092.50,24955.00
2024-02-29 14:40:40.700742,108,86,433,-796.29,-485.80,-427.73,-8575.00,-27790.00,23275.00
2024-02-29 14:40:40.708542,108,88,430,-793.37,-485.44,-412.97,-15050.00,-22242.50,19915.00
2024-02-29 14:40:40.718437,110,88,423,-789.95,-481.78,-401.62,-17185.00,-18095.00,16292.50
2024-02-29 14:40:40.726048,110,92,0,-786.78,-470.19,-392.11,-15680.00,-13090.00,7840.00
2024-02-29 14:40:40.737001,110,94,430,-784.83,-458.23,-385.64,-12197.50,-9310.00,-2520.00
2024-02-29 14:40:40.744505,111,109,0,-783.48,-453.60,-380.15,-8610.00,-5845.00,-8102.50
2024-02-29 14:40:40.755578,112,100,437,-781.65,-451.64,-375.27,-5442.50,-1365.00,-10745.00
2024-02-29 14:40:40.763061,112,103,0,-779.34,-444.08,-373.32,-1400.00,1452.50,-16922.50
2024-02-29 14:40:40.773060,113,105,435,-777.14,-433.83,-371.73,3570.00,4655.00,-25777.50
2024-02-29 14:40:40.780253,115,104,0,-775.80,-425.66,-372.71,6825.00,9012.50,-32112.50
2024-02-29 14:40:40.791545,114,109,456,-776.41,-420.41,-377.35,7700.00,9782.50,-36155.00
2024-02-29 14:40:40.798860,113,110,455,-779.09,-420.78,-381.98,8015.00,11550.00,-34825.00
2024-02-29 14:40:40.810104,113,111,471,-783.97,-426.76,-388.33,6790.00,12705.00,-28350.00
2024-02-29 14:40:40.818661,112,112,517,-790.80,-438.96,-399.06,2537.50,11182.50,-16922.50
2024-02-29 14:40:40.824123,110,112,0,-798.25,-455.43,-410.90,665.00,6702.50,-2222.50
2024-02-29 14:40:40.834136,108,227,0,-805.81,-475.80,-421.14,1785.00,4252.50,15295.00
2024-02-29 14:40:40.846094,-46,192,0,-814.72,-488.24,-430.66,10570.00,-122.50,34475.00
2024-02-29 14:40:40.853247,-46,189,0,-821.18,-472.87,-429.44,26005.00,-1172.50,34317.50
2024-02-29 14:40:40.863614,-46,269,0,-822.65,-449.57,-412.73,29820.00,7962.50,20440.00
2024-02-29 14:40:40.870859,-46,208,0,-821.43,-439.93,-395.16,29802.50,21122.50,14665.00
2024-02-29 14:40:40.881319,-46,208,0,-816.67,-442.86,-389.67,27230.00,25200.00,13790.00
2024-02-29 14:40:40.888577,-46,137,0,-808.62,-458.48,-392.84,18340.00,20790.00,22960.00
2024-02-29 14:40:40.899827,92,102,589,-798.12,-474.21,-399.18,8820.00,13020.00,34545.00
2024-02-29 14:40:40.906958,89,104,0,-786.78,-479.22,-407.36,-2695.00,1995.00,39707.50
2024-02-29 14:40:40.918392,87,98,558,-788.61,-445.79,-399.43,-2607.50,-3990.00,27422.50
2024-02-29 14:40:40.926981,86,97,0,-796.54,-407.97,-388.08,9100.00,9485.00,-20545.00
2024-02-29 14:40:40.932577,83,81,0,-799.22,-425.54,-393.82,1662.50,3867.50,-20615.00
2024-02-29 14:40:40.941298,81,95,509,-803.61,-459.33,-402.23,-542.50,-2695.00,315.00
2024-02-29 14:40:40.953221,79,93,493,-808.13,-465.19,-413.58,-3255.00,-15190.00,5617.50
2024-02-29 14:40:40.960385,77,92,484,-811.06,-458.72,-417.97,-4952.50,-26442.50,-17.50
2024-02-29 14:40:40.971537,76,91,467,-813.01,-455.18,-414.80,-2852.50,-26355.00,-1837.50
2024-02-29 14:40:40.979042,75,91,454,-816.18,-454.94,-422.97,-805.00,-31045.00,-1855.00
2024-02-29 14:40:40.990083,74,90,444,-819.35,-461.04,-432.00,770.00,-39427.50,4900.00
2024-02-29 14:40:40.997139,73,91,449,-820.21,-462.14,-429.20,1137.50,-38255.00,12057.50
2024-02-29 14:40:41.008511,73,91,444,-819.96,-457.26,-424.80,-315.00,-32742.50,12635.00
2024-02-29 14:40:41.015899,72,91,450,-819.60,-454.08,-422.49,1522.50,-30870.00,13965.00
2024-02-29 14:40:41.027026,72,92,440,-818.62,-452.13,-414.07,2275.00,-25095.00,15662.50
2024-02-29 14:40:41.035687,72,94,439,-815.69,-449.57,-401.38,2607.50,-15085.00,16905.00
2024-02-29 14:40:41.041365,72,93,439,-811.30,-445.91,-386.98,6160.00,-2467.50,16065.00
2024-02-29 14:40:41.051364,72,93,0,-806.91,-441.52,-370.88,10710.00,12285.00,14350.00
2024-02-29 14:40:41.062196,72,96,431,-802.76,-437.98,-357.22,11462.50,26320.00,12355.00
2024-02-29 14:40:41.069179,72,98,428,-798.49,-434.08,-349.77,9555.00,33827.50,7805.00
2024-02-29 14:40:41.079745,73,100,428,-793.61,-433.34,-339.89,5302.50,37695.00,525.00
2024-02-29 14:40:41.086442,74,101,429,-788.49,-437.61,-319.15,3185.00,48685.00,-2782.50
2024-02-29 14:40:41.097191,75,104,395,-785.31,-439.44,-296.83,87.50,61582.50,-7490.00
2024-02-29 14:40:41.104178,77,106,437,-786.29,-439.69,-291.70,-8015.00,64767.50,-14140.00
2024-02-29 14:40:41.114172,78,110,443,-790.56,-442.37,-306.83,-15102.50,52780.00,-18095.00
2024-02-29 14:40:41.124597,80,113,449,-795.93,-444.57,-330.13,-17150.00,37467.50,-19407.50
2024-02-29 14:40:41.132603,82,114,0,-802.88,-444.81,-357.22,-15977.50,20160.00,-19460.00
2024-02-29 14:40:41.142304,84,118,529,-810.20,-444.20,-382.84,-7735.00,4515.00,-16380.00
2024-02-29 14:40:41.149762,85,138,0,-816.42,-442.37,-406.14,-2485.00,-7752.50,-12932.50
2024-02-29 14:40:41.160824,-46,126,0,-821.55,-440.42,-426.27,3447.50,-17850.00,-7367.50
2024-02-29 14:40:41.168337,-46,253,0,-825.94,-435.66,-442.01,10640.00,-23135.00,-2222.50
2024-02-29 14:40:41.179395,-46,218,0,-829.84,-435.66,-455.43,16975.00,-30310.00,1610.00
2024-02-29 14:40:41.186812,-46,217,0,-831.80,-445.42,-456.52,21035.00,-31045.00,13457.50
2024-02-29 14:40:41.198041,-46,214,0,-831.31,-453.35,-445.79,22925.00,-21455.00,25952.50
2024-02-29 14:40:41.205580,-46,219,0,-829.48,-450.42,-433.59,27527.50,-11865.00,31377.50
2024-02-29 14:40:41.216674,-46,207,0,-828.14,-433.22,-420.41,29662.50,-2992.50,25217.50
2024-02-29 14:40:41.225273,-46,193,0,-826.67,-414.07,-409.43,33180.00,6160.00,9835.00
2024-02-29 14:40:41.230583,-46,217,0,-823.50,-414.07,-404.55,31990.00,9520.00,5197.50
2024-02-29 14:40:41.240912,-46,158,0,-819.47,-426.51,-402.11,26215.00,9537.50,12355.00
2024-02-29 14:40:41.251709,-46,278,0,-813.50,-436.52,-399.18,19897.50,7227.50,17045.00
2024-02-29 14:40:41.258795,-46,220,0,-808.37,-441.64,-391.62,12127.50,6177.50,19075.00
2024-02-29 14:40:41.269319,-46,219,0,-808.13,-437.74,-379.18,7490.00,9782.50,13982.50
2024-02-29 14:40:41.276041,-46,218,0,-809.96,-432.86,-370.88,6352.50,14385.00,1715.00
2024-02-29 14:40:41.285627,-46,187,0,-811.67,-437.98,-372.71,1032.50,10902.50,770.00
2024-02-29 14:40:41.296673,-46,218,0,-813.50,-445.06,-371.61,-3202.50,7035.00,3570.00
2024-02-29 14:40:41.303516,-46,131,0,-816.06,-446.40,-372.47,-7577.50,8977.50,5635.00
2024-02-29 14:40:41.314084,-46,280,0,-820.21,-446.28,-387.84,-8295.00,-525.00,5302.50
2024-02-29 14:40:41.321090,-46,254,0,-824.96,-447.98,-404.55,-8085.00,-14280.00,6825.00
2024-02-29 14:40:41.331424,-46,201,0,-828.87,-450.18,-415.29,-9030.00,-25462.50,8470.00
2024-02-29 14:40:41.338855,-46,295,0,-831.43,-450.79,-422.12,-10185.00,-34527.50,9205.00
2024-02-29 14:40:41.349309,-46,220,0,-832.16,-447.01,-427.00,-8540.00,-43277.50,6825.00
2024-02-29 14:40:41.360918,-46,218,0,-830.82,-440.54,-425.54,-5880.00,-47372.50,2065.00
2024-02-29 14:40:41.368358,-46,217,0,-828.75,-435.42,-416.87,-3360.00,-44642.50,-1487.50
2024-02-29 14:40:41.379475,-46,218,0,-826.67,-431.88,-408.21,-822.50,-40022.50,-3692.50
2024-02-29 14:40:41.388043,-46,137,0,-824.96,-431.27,-401.38,-420.00,-35035.00,-4340.00
2024-02-29 14:40:41.393680,-46,128,0,-823.87,-431.88,-395.28,980.00,-29505.00,-2222.50
2024-02-29 14:40:41.403568,-46,223,0,-822.52,-429.68,-388.20,2852.50,-24010.00,-1662.50
2024-02-29 14:40:41.414285,-46,217,0,-820.82,-424.68,-379.18,4445.00,-15522.50,-2485.00
2024-02-29 14:40:41.421449,-46,150,0,-820.08,-418.70,-373.32,6632.50,-7000.00,-4357.50
2024-02-29 14:40:41.432697,-46,219,0,-819.35,-412.48,-372.71,9765.00,-5267.50,-6860.00
2024-02-29 14:40:41.439541,-46,220,0,-816.79,-410.41,-351.60,7647.50,6230.00,-8225.00
2024-02-29 14:40:41.451078,-46,220,0,-815.08,-416.51,-323.30,4655.00,36242.50,-2047.50
2024-02-29 14:40:41.457965,-46,218,0,-816.67,-426.27,-323.06,2957.50,44170.00,6597.50
2024-02-29 14:40:41.469576,-46,221,0,-818.74,-436.52,-329.52,4497.50,41282.50,14192.50
2024-02-29 14:40:41.478163,-46,219,0,-820.82,-443.47,-330.99,7367.50,42682.50,20650.00
2024-02-29 14:40:41.483641,-46,288,0,-824.60,-444.57,-338.06,10762.50,38220.00,23397.50
2024-02-29 14:40:41.494797,-46,219,0,-828.50,-442.25,-348.07,12985.00,29365.00,23415.00
2024-02-29 14:40:41.501998,-46,217,0,-831.55,-438.71,-356.85,11357.50,21525.00,21857.50
2024-02-29 14:40:41.513353,-46,220,0,-834.24,-434.93,-365.02,11655.00,13422.50,19337.50
2024-02-29 14:40:41.520397,-46,231,0,-836.92,-436.27,-372.10,8505.00,4672.50,16712.50
2024-02-29 14:40:41.531977,-46,220,0,-839.12,-445.06,-378.44,227.50,-4567.50,19057.50
2024-02-29 14:40:41.539177,-46,214,0,-840.70,-450.79,-384.79,-6020.00,-13632.50,21262.50
2024-02-29 14:40:41.550458,-46,219,0,-842.29,-448.72,-391.38,-8732.50,-22960.00,18935.00
2024-02-29 14:40:41.557978,-46,216,0,-843.87,-441.27,-399.31,-5705.00,-32357.50,14525.00
2024-02-29 14:40:41.568048,-46,219,0,-844.61,-431.88,-408.58,-1925.00,-41825.00,8207.50
2024-02-29 14:40:41.575255,-46,222,0,-844.48,-424.19,-413.34,1680.00,-46252.50,5337.50
2024-02-29 14:40:41.584521,-46,219,0,-845.34,-417.97,-417.48,7210.00,-44345.00,6195.00
2024-02-29 14:40:41.591795,-46,219,0,-846.19,-413.09,-422.49,12670.00,-47932.50,7840.00
2024-02-29 14:40:41.602395,-46,219,0,-846.44,-411.38,-414.92,13860.00,-43837.50,9992.50
2024-02-29 14:40:41.613219,-46,220,0,-848.75,-420.66,-399.92,12582.50,-32620.00,17360.00
2024-02-29 14:40:41.620609,-46,220,0,-852.05,-435.30,-384.30,18742.50,-22050.00,35332.50
2024-02-29 14:40:41.630791,-46,220,0,-859.00,-430.42,-360.88,26232.50,-4550.00,44677.50
2024-02-29 14:40:41.638023,-46,219,0,-876.45,-403.45,-329.03,41632.50,20930.00,37555.00
2024-02-29 14:40:41.649378,-46,219,0,-905.48,-359.90,-289.38,61005.00,57435.00,18410.00
2024-02-29 14:40:41.656801,-46,217,0,-936.96,-321.23,-255.96,74602.50,97510.00,-10377.50
2024-02-29 14:40:41.668020,-46,217,0,-960.75,-314.52,-242.54,80622.50,124722.50,-19477.50
2024-02-29 14:40:41.675919,-46,215,0,-975.88,-314.64,-233.26,81970.00,146370.00,-17395.00
2024-02-29 14:40:41.685759,-46,167,0,-981.37,-296.58,-217.77,87972.50,175840.00,-27405.00
2024-02-29 14:40:41.693668,161,145,1060,-977.10,-270.23,-204.84,96757.50,206150.00,-50137.50
2024-02-29 14:40:41.703475,161,145,711,-960.51,-253.03,-199.84,104667.50,229775.00,-75355.00
2024-02-29 14:40:41.711680,161,129,0,-932.08,-255.47,-201.67,104510.00,244020.00,-90947.50
2024-02-29 14:40:41.722301,161,159,0,-899.75,-273.28,-209.60,97072.50,251072.50,-94447.50
2024-02-29 14:40:41.730987,160,145,506,-869.86,-291.82,-223.75,87412.50,251755.00,-94237.50
2024-02-29 14:40:41.737342,159,145,0,-842.04,-303.78,-242.54,81865.00,247100.00,-99470.00
2024-02-29 14:40:41.747710,158,144,469,-814.47,-313.05,-262.30,79117.50,238875.00,-108622.50
2024-02-29 14:40:41.755794,157,144,475,-789.10,-325.86,-284.87,74445.00,227955.00,-117250.00
2024-02-29 14:40:41.766458,155,144,0,-767.62,-348.92,-320.13,67602.50,204277.50,-118860.00
2024-02-29 14:40:41.774571,153,144,0,-746.76,-386.37,-365.88,59430.00,166442.50,-110110.00
2024-02-29 14:40:41.784324,150,145,464,-725.05,-429.81,-405.04,49402.50,128625.00,-91542.50
2024-02-29 14:40:41.792138,147,145,0,-704.31,-460.67,-424.93,38237.50,103897.50,-76562.50
2024-02-29 14:40:41.803133,143,132,0,-682.59,-474.21,-426.27,30957.50,94535.00,-73465.00
2024-02-29 14:40:41.810732,139,144,446,-662.46,-488.00,-418.34,36400.00,96302.50,-73150.00
2024-02-29 14:40:41.821793,135,144,0,-645.26,-498.61,-416.51,24692.50,97265.00,-67900.00
2024-02-29 14:40:41.830438,130,143,442,-627.08,-493.86,-426.02,15592.50,89320.00,-74147.50
2024-02-29 14:40:41.836584,126,142,0,-606.71,-490.93,-437.00,20667.50,81042.50,-84840.00
2024-02-29 14:40:41.847206,121,141,443,-586.94,-501.18,-444.20,27002.50,76737.50,-85820.00
2024-02-29 14:40:41.854760,117,141,432,-569.98,-514.96,-450.79,27527.50,74497.50,-80832.50
2024-02-29 14:40:41.865776,112,140,439,-555.59,-523.62,-460.55,30292.50,71837.50,-78837.50
2024-02-29 14:40:41.873360,109,140,435,-543.39,-528.50,-472.75,37030.00,66675.00,-80622.50
2024-02-29 14:40:41.882967,105,139,430,-532.41,-533.75,-484.83,42245.00,60987.50,-82705.00
2024-02-29 14:40:41.894521,101,139,436,-521.79,-540.70,-495.32,45430.00,56087.50,-82792.50
2024-02-29 14:40:41.903147,98,140,439,-511.79,-549.12,-505.57,38430.00,51555.00,-80885.00
2024-02-29 14:40:41.909247,95,140,436,-502.64,-558.88,-517.40,31762.50,45587.50,-77630.00
2024-02-29 14:40:41.919819,92,140,432,-493.86,-568.89,-530.70,28402.50,38885.00,-73500.00
2024-02-29 14:40:41.927458,90,138,0,-486.78,-578.04,-544.12,28647.50,31990.00,-69877.50
2024-02-29 14:40:41.938478,88,131,0,-481.78,-587.92,-556.56,30030.00,25777.50,-66430.00
2024-02-29 14:40:41.946107,86,135,0,-477.26,-601.34,-567.06,30572.50,20702.50,-60060.00
2024-02-29 14:40:41.956148,85,143,467,-471.04,-617.08,-575.11,33320.00,16852.50,-51310.00
2024-02-29 14:40:41.963925,84,144,505,-463.60,-630.62,-580.96,39742.50,14105.00,-43417.50
2024-02-29 14:40:41.973852,84,145,569,-454.57,-639.40,-587.43,47267.50,10342.50,-38832.50
2024-02-29 14:40:41.981324,84,147,783,-441.15,-644.16,-595.12,43522.50,5110.00,-35577.50
2024-02-29 14:40:41.992518,-46,138,0,-429.20,-647.09,-605.49,45710.00,-1732.50,-35315.00
2024-02-29 14:40:42.000170,-46,156,0,-420.78,-652.09,-619.76,59342.50,-16327.50,-33460.00
2024-02-29 14:40:42.010098,-46,220,0,-410.29,-660.87,-635.74,62457.50,-31727.50,-26442.50
2024-02-29 14:40:42.017915,-46,303,0,-400.16,-670.02,-650.75,68197.50,-46672.50,-17535.00
2024-02-29 14:40:42.027808,-46,221,0,-391.38,-674.66,-661.73,72432.50,-60130.00,-10745.00
2024-02-29 14:40:42.035665,-46,218,0,-386.13,-671.98,-667.46,81392.50,-68967.50,-10115.00
2024-02-29 14:40:42.045501,-46,129,0,-384.06,-663.19,-668.80,91805.00,-74427.50,-16380.00
2024-02-29 14:40:42.053393,-46,221,0,-381.37,-653.68,-666.00,108027.50,-77157.50,-26355.00
2024-02-29 14:40:42.064208,-46,218,0,-375.15,-649.41,-659.78,119682.50,-78417.50,-34300.00
2024-02-29 14:40:42.072370,-46,219,0,-364.78,-653.68,-650.75,126962.50,-78942.50,-36417.50
2024-02-29 14:40:42.083024,-46,220,0,-351.97,-665.88,-640.13,128327.50,-79310.00,-31552.50
2024-02-29 14:40:42.091150,-46,246,0,-337.33,-681.86,-630.37,124950.00,-80640.00,-21595.00
2024-02-29 14:40:42.100830,-46,147,0,-321.47,-696.13,-623.18,115850.00,-83667.50,-10447.50
2024-02-29 14:40:42.108890,-46,218,0,-306.71,-704.18,-616.71,108902.50,-86747.50,-2520.00
2024-02-29 14:40:42.119574,-46,143,0,-298.17,-703.33,-607.32,109322.50,-86940.00,-2712.50
2024-02-29 14:40:42.127670,-46,250,0,-297.44,-695.16,-593.41,129150.00,-82757.50,-11952.50
2024-02-29 14:40:42.136330,-46,219,0,-301.58,-684.42,-575.96,162242.50,-76632.50,-26057.50
2024-02-29 14:40:42.144642,-46,221,0,-306.83,-677.95,-555.34,183785.00,-70805.00,-39812.50
2024-02-29 14:40:42.154128,-46,222,0,-311.10,-680.64,-530.33,206675.00,-62562.50,-49455.00
2024-02-29 14:40:42.162368,-46,150,0,-314.27,-694.18,-501.54,228235.00,-51870.00,-52605.00
2024-02-29 14:40:42.172853,-46,222,0,-313.30,-721.63,-468.36,244772.50,-41772.50,-46182.50
2024-02-29 14:40:42.181118,-46,212,0,-305.98,-764.09,-428.95,244755.00,-31902.50,-28560.00
2024-02-29 14:40:42.190625,-46,237,0,-295.61,-817.89,-384.18,241605.00,-21945.00,-2222.50
2024-02-29 14:40:42.198478,-46,289,0,-284.75,-866.57,-338.31,284462.50,-11987.50,23345.00
2024-02-29 14:40:42.208324,-46,146,0,-274.74,-897.92,-294.51,197137.50,-1872.50,41597.50
2024-02-29 14:40:42.215700,-46,222,0,-269.38,-912.68,-257.18,74252.50,4112.50,50855.00
2024-02-29 14:40:42.226994,-46,236,0,-267.79,-912.93,-233.14,-23117.50,2537.50,50015.00
2024-02-29 14:40:42.234477,-46,132,0,-268.64,-906.46,-224.72,-49752.50,-6632.50,40565.00
2024-02-29 14:40:42.245719,-46,220,0,-273.52,-900.12,-226.92,-21227.50,-21927.50,27072.50
2024-02-29 14:40:42.253078,-46,219,0,-280.72,-896.70,-233.75,192.50,-40355.00,13685.00
2024-02-29 14:40:42.264180,-46,135,0,-289.63,-896.09,-240.22,59745.00,-56717.50,-122.50
2024-02-29 14:40:42.271857,-46,291,0,-300.24,-903.90,-242.54,139037.50,-72642.50,-15435.00
2024-02-29 14:40:42.281826,154,172,980,-310.73,-927.08,-236.68,203315.00,-87045.00,-21490.00
2024-02-29 14:40:42.290120,154,172,672,-320.25,-956.72,-226.07,231472.50,-102042.50,-17500.00
2024-02-29 14:40:42.300601,154,170,0,-325.25,-976.00,-219.36,319025.00,-123882.50,-12127.50
2024-02-29 14:40:42.309218,154,172,0,-317.69,-981.00,-208.38,434052.50,-146247.50,-5705.00
2024-02-29 14:40:42.316247,152,175,0,-286.46,-969.90,-145.55,426860.00,-126682.50,6265.00
2024-02-29 14:40:42.325292,151,172,490,-262.30,-941.35,-30.38,159897.50,-47670.00,7752.50
2024-02-29 14:40:42.336025,150,172,481,-256.81,-907.07,68.93,23730.00,17745.00,-2152.50
2024-02-29 14:40:42.343263,148,173,0,-247.90,-883.65,121.51,-13772.50,45237.50,-20370.00
2024-02-29 14:40:42.352689,146,173,464,-241.68,-883.89,142.50,-5810.00,45605.00,-24517.50
2024-02-29 14:40:42.359815,144,173,0,-239.36,-902.19,152.01,6352.50,36592.50,-11795.00
2024-02-29 14:40:42.370076,142,174,459,-239.49,-919.64,163.97,4200.00,30467.50,2485.00
2024-02-29 14:40:42.381177,139,174,0,-240.34,-923.42,181.17,-105.00,30555.00,6422.50
2024-02-29 14:40:42.387795,136,173,435,-240.83,-914.27,194.71,-5425.00,30030.00,-700.00
2024-02-29 14:40:42.398705,133,173,0,-240.22,-904.02,199.59,-2310.00,23625.00,-10552.50
2024-02-29 14:40:42.405743,129,173,439,-238.02,-902.80,199.10,-560.00,14000.00,-12302.50
2024-02-29 14:40:42.416148,126,172,438,-235.22,-908.90,199.10,-8942.50,5967.50,-5460.00
2024-02-29 14:40:42.422844,122,172,0,-233.75,-914.76,203.86,-32165.00,4112.50,3412.50
2024-02-29 14:40:42.433819,117,172,431,-233.51,-916.22,214.72,-57977.50,11270.00,9870.00
2024-02-29 14:40:42.445630,114,172,433,-234.12,-911.83,225.94,-77630.00,25095.00,13370.00
2024-02-29 14:40:42.454174,111,172,442,-235.83,-903.41,229.24,-97807.50,38255.00,13580.00
2024-02-29 14:40:42.460085,107,172,450,-239.97,-894.63,221.06,-109935.00,45710.00,11655.00
2024-02-29 14:40:42.470790,105,170,443,-246.93,-888.65,203.25,-113015.00,47390.00,9625.00
2024-02-29 14:40:42.478062,102,171,460,-256.20,-886.33,178.73,-102130.00,45395.00,8172.50
2024-02-29 14:40:42.489406,99,172,444,-265.96,-886.09,149.08,-83230.00,39707.50,6720.00
2024-02-29 14:40:42.496559,96,171,449,-275.84,-885.96,115.05,-63717.50,29435.00,3570.00
2024-02-29 14:40:42.507936,94,172,451,-287.19,-886.82,81.25,-38675.00,16660.00,-577.50
2024-02-29 14:40:42.514601,93,172,486,-300.24,-889.26,52.95,-6510.00,5005.00,-3202.50
2024-02-29 14:40:42.526261,91,171,0,-315.00,-891.45,33.92,27755.00,-5635.00,-6125.00
2024-02-29 14:40:42.533353,89,174,460,-329.16,-891.82,26.23,71680.00,-14262.50,-11427.50
2024-02-29 14:40:42.544693,88,174,466,-339.16,-891.58,29.40,94552.50,-20195.00,-17237.50
2024-02-29 14:40:42.553361,87,175,478,-343.92,-895.11,40.75,106750.00,-22347.50,-19425.00
2024-02-29 14:40:42.559391,87,176,492,-345.14,-903.90,58.19,105105.00,-20247.50,-15435.00
2024-02-29 14:40:42.570025,87,175,0,-344.65,-913.90,77.59,92015.00,-15365.00,-7822.50
2024-02-29 14:40:42.577068,87,181,0,-343.31,-918.90,93.09,83317.50,-12582.50,-2030.00
2024-02-29 14:40:42.588418,-46,222,0,-340.62,-917.44,102.85,86940.00,-14087.50,-455.00
2024-02-29 14:40:42.595779,-46,224,0,-336.72,-912.07,107.60,95690.00,-19740.00,-1487.50
2024-02-29 14:40:42.605967,-46,224,0,-331.47,-907.44,109.92,112017.50,-27982.50,-1505.00
2024-02-29 14:40:42.613354,-46,222,0,-325.25,-905.00,111.75,126787.50,-37625.00,1470.00
2024-02-29 14:40:42.624578,-46,138,0,-319.15,-903.17,112.97,135345.00,-47705.00,5897.50
2024-02-29 14:40:42.631867,-46,308,0,-315.37,-900.48,113.46,153895.00,-58957.50,8627.50
2024-02-29 14:40:42.643287,-46,220,0,-313.30,-899.99,117.12,176330.00,-69895.00,10657.50
2024-02-29 14:40:42.650857,-46,216,0,-312.81,-906.70,134.44,201442.50,-74217.50,16222.50
2024-02-29 14:40:42.661007,-46,220,0,-314.15,-921.34,175.68,197382.50,-64610.00,27790.00
2024-02-29 14:40:42.668556,-46,220,0,-318.30,-937.45,237.29,149187.50,-41142.50,39165.00
2024-02-29 14:40:42.679826,-46,217,0,-323.91,-953.31,300.85,175700.00,-11742.50,51537.50
2024-02-29 14:40:42.687163,-46,173,0,-328.42,-960.26,347.82,192202.50,16292.50,65572.50
2024-02-29 14:40:42.698418,-46,221,0,-328.30,-943.18,367.83,157867.50,29715.00,63752.50
2024-02-29 14:40:42.707049,-46,202,0,-321.71,-907.44,364.05,95497.50,21682.50,43855.00
2024-02-29 14:40:42.712484,-46,226,0,-312.44,-872.79,357.34,83020.00,3815.00,22347.50
2024-02-29 14:40:42.723728,-46,220,0,-305.49,-853.51,366.61,84945.00,-3675.00,13107.50
2024-02-29 14:40:42.730748,-46,218,0,-302.80,-848.14,389.91,57925.00,1522.50,14892.50
2024-02-29 14:40:42.742314,-46,218,0,-305.00,-847.66,414.56,21560.00,10027.50,19915.00
2024-02-29 14:40:42.749026,-46,218,0,-310.12,-843.26,431.27,7367.50,14192.50,20510.00
2024-02-29 14:40:42.760892,-46,217,0,-315.74,-835.09,437.61,13965.00,11322.50,16257.50
2024-02-29 14:40:42.767742,-46,140,0,-321.23,-828.38,437.74,30100.00,4550.00,12547.50
2024-02-29 14:40:42.778521,-46,217,0,-326.72,-825.45,437.98,52062.50,-2012.50,12285.00
2024-02-29 14:40:42.785514,-46,219,0,-332.08,-823.99,441.15,63297.50,-5792.50,14647.50
2024-02-29 14:40:42.796105,-46,141,0,-336.48,-820.94,447.37,58677.50,-6230.00,16905.00
2024-02-29 14:40:42.803094,-46,221,0,-340.26,-814.35,455.06,50750.00,-4375.00,16887.50
2024-02-29 14:40:42.813553,116,205,517,-344.28,-803.98,463.11,40740.00,-2467.50,13860.00
2024-02-29 14:40:42.820128,116,204,495,-348.43,-791.17,471.41,29067.50,35.00,8032.50
2024-02-29 14:40:42.830902,116,204,0,-352.70,-779.34,479.22,16415.00,2380.00,2152.50
2024-02-29 14:40:42.842956,115,204,463,-357.09,-770.67,485.80,11095.00,3675.00,-2187.50
2024-02-29 14:40:42.849768,114,204,458,-361.49,-764.94,490.68,10605.00,3570.00,-4217.50
2024-02-29 14:40:42.860399,114,203,0,-365.76,-760.91,494.10,9817.50,2257.50,-4637.50
2024-02-29 14:40:42.866850,113,202,438,-369.42,-757.38,496.91,8820.00,-612.50,-4760.00
2024-02-29 14:40:42.878658,111,202,436,-371.86,-753.59,501.18,9310.00,-3605.00,-5250.00
2024-02-29 14:40:42.885616,110,202,455,-372.71,-750.30,506.67,11095.00,-5372.50,-5670.00
2024-02-29 14:40:42.897215,107,203,453,-372.59,-747.13,511.91,10552.50,-6930.00,-6037.50
2024-02-29 14:40:42.904233,105,202,454,-371.86,-744.57,516.79,10167.50,-8820.00,-6440.00
2024-02-29 14:40:42.914663,103,200,0,-370.64,-743.59,522.04,12687.50,-9887.50,-6020.00
2024-02-29 14:40:42.921800,100,202,464,-369.54,-743.35,528.26,17237.50,-9467.50,-4602.50
2024-02-29 14:40:42.932176,99,202,0,-369.17,-741.88,535.21,17535.00,-8715.00,-3535.00
2024-02-29 14:40:42.939190,98,202,0,-368.93,-739.32,541.31,15015.00,-8627.50,-3745.00
2024-02-29 14:40:42.948808,96,203,474,-368.44,-737.25,545.58,16345.00,-9397.50,-4357.50
2024-02-29 14:40:42.960612,95,204,507,-367.59,-736.64,548.76,22260.00,-10517.50,-3885.00
2024-02-29 14:40:42.969248,95,203,521,-365.63,-737.00,552.90,27457.50,-10342.50,-1837.50
2024-02-29 14:40:42.974574,94,204,544,-362.71,-736.51,559.00,26495.00,-8365.00,787.50
2024-02-29 14:40:42.984640,94,198,0,-359.90,-733.22,566.45,18445.00,-5075.00,1767.50
2024-02-29 14:40:42.995755,-46,225,0,-357.95,-727.36,574.25,7962.50,-822.50,140.00
2024-02-29 14:40:43.000005,-46,222,0,-356.73,-720.41,581.21,1837.50,2940.00,-3220.00
2024-02-29 14:40:43.013894,-46,216,0,-356.73,-715.16,586.09,2940.00,5390.00,-6527.50
2024-02-29 14:40:43.020394,-46,222,0,-357.46,-712.97,589.02,8382.50,6125.00,-7752.50
2024-02-29 14:40:43.032233,-46,149,0,-358.80,-712.72,590.48,10062.50,5337.50,-7140.00
2024-02-29 14:40:43.038857,-46,270,0,-360.14,-711.99,591.33,8960.00,3185.00,-6335.00
2024-02-29 14:40:43.050567,-46,137,0,-361.61,-710.16,592.31,10342.50,560.00,-6667.50
2024-02-29 14:40:43.057433,-46,220,0,-363.07,-707.60,593.77,14245.00,-2257.50,-7857.50
2024-02-29 14:40:43.069141,-46,220,0,-364.17,-705.53,595.60,17850.00,-4917.50,-8942.50
2024-02-29 14:40:43.077706,-46,164,0,-364.54,-704.43,597.19,21507.50,-7472.50,-9292.50
2024-02-29 14:40:43.083164,-46,218,0,-364.05,-703.94,598.90,20650.00,-9642.50,-8662.50
2024-02-29 14:40:43.093364,-46,240,0,-362.83,-703.94,600.73,20930.00,-11007.50,-7420.00
2024-02-29 14:40:43.105124,-46,231,0,-361.24,-704.06,602.92,22680.00,-11567.50,-6055.00
2024-02-29 14:40:43.113777,-46,220,0,-359.29,-703.33,605.85,23607.50,-10990.00,-5197.50
2024-02-29 14:40:43.119341,-46,227,0,-356.97,-702.11,609.63,25707.50,-9782.50,-4847.50
2024-02-29 14:40:43.130273,-46,175,0,-353.80,-700.77,614.64,27545.00,-7752.50,-4375.00
2024-02-29 14:40:43.137320,-46,220,0,-349.65,-699.30,620.61,23747.50,-4655.00,-3622.50
2024-02-29 14:40:43.148685,-46,284,0,-345.38,-697.23,626.23,16467.50,-1610.00,-2975.00
2024-02-29 14:40:43.155398,-46,204,0,-341.72,-694.42,631.11,10202.50,682.50,-2677.50
2024-02-29 14:40:43.167097,135,203,0,-339.16,-691.62,635.38,4252.50,2187.50,-2817.50
2024-02-29 14:40:43.173668,136,200,0,-338.31,-689.30,639.52,2047.50,3080.00,-3080.00
2024-02-29 14:40:43.185440,136,200,493,-339.53,-687.71,642.70,3517.50,2852.50,-3027.50
2024-02-29 14:40:43.191863,135,201,488,-341.97,-687.10,643.67,6632.50,682.50,-2852.50
2024-02-29 14:40:43.202755,136,200,0,-344.65,-687.10,643.43,15295.00,-2555.00,-2257.50
2024-02-29 14:40:43.209800,135,199,459,-346.48,-687.10,643.43,21630.00,-5145.00,-1050.00
2024-02-29 14:40:43.221257,135,199,0,-347.09,-686.01,644.65,18935.00,-6090.00,-385.00
2024-02-29 14:40:43.228054,135,199,473,-347.21,-683.44,646.60,16345.00,-5460.00,-525.00
2024-02-29 14:40:43.238583,135,199,487,-346.72,-679.78,647.82,14840.00,-4637.50,-1680.00
2024-02-29 14:40:43.245645,135,200,541,-346.24,-675.76,648.80,12635.00,-4637.50,-3412.50
2024-02-29 14:40:43.256312,-46,239,0,-345.75,-672.46,650.50,11112.50,-4602.50,-4602.50
2024-02-29 14:40:43.267059,-46,224,0,-345.14,-670.76,652.33,12285.00,-4637.50,-5005.00
2024-02-29 14:40:43.273959,-46,222,0,-344.53,-670.02,653.80,14875.00,-5110.00,-4480.00
2024-02-29 14:40:43.284447,-46,218,0,-343.19,-669.90,655.14,16957.50,-5670.00,-3290.00
2024-02-29 14:40:43.291546,-46,218,0,-341.36,-669.17,656.85,17850.00,-6125.00,-2467.50
2024-02-29 14:40:43.301910,-46,290,0,-339.28,-667.34,659.53,16467.50,-6055.00,-2292.50
2024-02-29 14:40:43.308922,-46,148,0,-337.33,-664.41,663.07,10640.00,-5162.50,-2957.50
2024-02-29 14:40:43.319375,-46,219,0,-336.23,-660.63,666.61,1312.50,-4620.00,-4532.50
2024-02-29 14:40:43.326362,-46,218,0,-336.72,-657.34,668.56,-2555.00,-5145.00,-6632.50
2024-02-29 14:40:43.336814,-46,215,0,-338.31,-655.99,668.44,2117.50,-7017.50,-7962.50
2024-02-29 14:40:43.348777,-46,137,0,-340.14,-656.85,667.34,11882.50,-9432.50,-7805.00
2024-02-29 14:40:43.355877,-46,217,0,-341.11,-658.80,666.85,19915.00,-11147.50,-6387.50
2024-02-29 14:40:43.366324,-46,218,0,-340.99,-659.41,667.22,22627.50,-11865.00,-5162.50
2024-02-29 14:40:43.373630,-46,219,0,-339.40,-658.43,668.32,22872.50,-11882.50,-5145.00
2024-02-29 14:40:43.383881,-46,220,0,-336.72,-656.60,670.27,21420.00,-11112.50,-5722.50
2024-02-29 14:40:43.391058,-46,259,0,-333.79,-654.65,673.44,18305.00,-9852.50,-6457.50
2024-02-29 14:40:43.401434,-46,140,0,-331.35,-652.58,677.10,14647.50,-8137.50,-7052.50
2024-02-29 14:40:43.408448,-46,254,0,-329.16,-650.63,679.91,12162.50,-7157.50,-7455.00
2024-02-29 14:40:43.418921,-46,153,0,-327.45,-649.04,681.61,12670.00,-7420.00,-7700.00
2024-02-29 14:40:43.426026,-46,219,0,-325.86,-648.06,683.20,15452.50,-8155.00,-7507.50
2024-02-29 14:40:43.437389,-46,219,0,-324.28,-647.58,685.27,17307.50,-8435.00,-6632.50
2024-02-29 14:40:43.444453,138,231,629,-322.57,-646.84,687.35,16835.00,-8610.00,-5722.50
2024-02-29 14:40:43.455874,137,231,0,-321.10,-645.87,689.30,18130.00,-9117.50,-5285.00
2024-02-29 14:40:43.462881,136,229,513,-320.01,-644.40,691.50,21105.00,-9695.00,-5092.50
2024-02-29 14:40:43.474334,135,227,483,-318.66,-642.82,694.79,22137.50,-9852.50,-4917.50
2024-02-29 14:40:43.481309,134,227,481,-316.96,-641.35,698.57,21612.50,-9362.50,-4585.00
2024-02-29 14:40:43.492809,133,225,0,-315.00,-640.01,702.23,21490.00,-8925.00,-3902.50
2024-02-29 14:40:43.499932,131,224,0,-312.56,-638.91,705.65,21560.00,-8365.00,-2520.00
2024-02-29 14:40:43.511311,129,222,459,-309.64,-637.57,709.31,19635.00,-7332.50,-875.00
2024-02-29 14:40:43.517837,128,221,465,-307.07,-635.13,712.60,15627.50,-6300.00,35.00
2024-02-29 14:40:43.529623,126,221,451,-305.00,-631.84,715.41,12407.50,-5565.00,-437.50
2024-02-29 14:40:43.536620,125,220,463,-303.54,-628.79,718.82,11252.50,-4480.00,-1452.50
2024-02-29 14:40:43.547073,124,234,0,-302.32,-626.84,722.24,11655.00,-3010.00,-1750.00
2024-02-29 14:40:43.554043,123,219,466,-301.10,-625.62,725.66,11690.00,-1487.50,-1102.50
2024-02-29 14:40:43.565544,122,220,0,-299.14,-624.64,728.46,10237.50,-35.00,-17.50
2024-02-29 14:40:43.571490,121,220,0,-296.83,-623.42,730.90,8995.00,1172.50,857.50
2024-02-29 14:40:43.582671,120,221,482,-294.51,-622.08,733.22,8137.50,2257.50,1627.50
2024-02-29 14:40:43.587037,120,222,0,-293.17,-620.13,735.66,4620.00,3220.00,1977.50
2024-02-29 14:40:43.600013,119,222,475,-292.56,-617.56,737.86,-87.50,3325.00,1470.00
2024-02-29 14:40:43.606170,118,218,0,-293.04,-615.61,739.44,-455.00,3220.00,682.50
2024-02-29 14:40:43.616868,117,225,467,-294.14,-614.64,739.93,1785.00,2905.00,542.50
2024-02-29 14:40:43.629055,116,227,466,-295.36,-614.03,739.44,3570.00,2257.50,857.50
2024-02-29 14:40:43.635159,115,228,461,-296.34,-612.68,738.71,4655.00,1960.00,770.00
2024-02-29 14:40:43.647362,115,230,469,-296.58,-610.98,738.59,6720.00,1960.00,227.50
2024-02-29 14:40:43.653422,114,232,485,-296.83,-609.39,739.08,4410.00,2485.00,-840.00
2024-02-29 14:40:43.664506,113,233,501,-298.66,-607.32,737.86,-2117.50,1400.00,-1575.00
2024-02-29 14:40:43.671319,112,235,0,-299.51,-606.83,736.15,12215.00,-577.50,-2345.00
2024-02-29 14:40:43.681877,111,237,0,-299.39,-607.68,737.00,10920.00,-735.00,-1435.00
2024-02-29 14:40:43.686227,110,238,483,-299.75,-607.56,738.34,8067.50,-227.50,17.50
2024-02-29 14:40:43.700179,109,241,0,-298.66,-606.10,738.95,9397.50,-367.50,245.00
2024-02-29 14:40:43.706066,107,240,476,-296.95,-604.51,740.78,8400.00,122.50,245.00
2024-02-29 14:40:43.717289,106,241,483,-295.36,-602.92,742.98,2432.50,1102.50,280.00
2024-02-29 14:40:43.723335,105,241,0,-294.26,-602.07,745.05,3027.50,1890.00,717.50
2024-02-29 14:40:43.735498,103,242,480,-293.04,-602.19,746.76,3027.50,2642.50,1925.00
2024-02-29 14:40:43.739889,101,242,0,-292.56,-602.31,747.86,3115.00,2782.50,3132.50
2024-02-29 14:40:43.753877,100,241,0,-292.31,-601.95,748.47,4200.00,2415.00,3692.50
2024-02-29 14:40:43.758151,98,241,460,-292.43,-601.22,748.84,4007.50,1872.50,3937.50
2024-02-29 14:40:43.770869,97,240,0,-292.56,-600.36,749.08,4305.00,1452.50,3937.50
2024-02-29 14:40:43.783061,95,240,463,-292.56,-599.75,749.93,3237.50,2047.50,4077.50
2024-02-29 14:40:43.787364,94,239,456,-293.17,-598.41,750.91,-402.50,2887.50,4042.50
2024-02-29 14:40:43.795960,92,235,0,-294.63,-596.34,750.91,-3220.00,2625.00,2852.50
2024-02-29 14:40:43.806706,91,236,442,-296.22,-594.63,749.81,-2012.50,1382.50,1400.00
2024-02-29 14:40:43.818728,90,237,0,-297.44,-594.14,747.86,-455.00,-192.50,770.00
2024-02-29 14:40:43.824836,89,231,0,-298.66,-594.38,746.27,892.50,-1487.50,1067.50
2024-02-29 14:40:43.836909,87,231,437,-299.88,-594.38,745.54,2590.00,-2100.00,1435.00
2024-02-29 14:40:43.843287,86,228,434,-300.36,-593.41,746.03,2117.50,-1942.50,1207.50
2024-02-29 14:40:43.855251,86,226,0,-300.73,-592.07,746.64,210.00,-1522.50,560.00
2024-02-29 14:40:43.861141,86,225,432,-300.85,-590.97,746.52,52.50,-1435.00,-87.50
2024-02-29 14:40:43.872296,85,223,0,-300.85,-590.85,746.52,525.00,-1645.00,-262.50
2024-02-29 14:40:43.876627,85,221,439,-300.97,-591.21,747.25,1050.00,-1452.50,-70.00
2024-02-29 14:40:43.889617,86,219,446,-301.10,-591.46,748.71,507.50,-700.00,262.50
2024-02-29 14:40:43.895447,86,218,452,-300.97,-590.97,749.45,-770.00,-367.50,385.00
2024-02-29 14:40:43.907686,86,218,453,-300.85,-590.24,749.32,-472.50,-595.00,17.50
2024-02-29 14:40:43.913713,87,218,502,-301.10,-590.11,749.57,1785.00,-962.50,-297.50
2024-02-29 14:40:43.924331,88,216,0,-301.34,-590.48,749.93,2117.50,-1137.50,52.50
2024-02-29 14:40:43.936510,89,219,530,-301.22,-590.48,749.81,980.00,-1365.00,735.00
2024-02-29 14:40:43.942403,146,132,0,-301.10,-589.99,749.32,157.50,-1820.00,857.50
2024-02-29 14:40:43.954708,-46,154,0,-301.34,-589.38,749.32,1347.50,-2117.50,507.50
2024-02-29 14:40:43.958919,-46,230,0,-301.71,-589.02,749.93,2135.00,-1977.50,332.50
2024-02-29 14:40:43.971869,-46,248,0,-301.58,-588.77,750.67,1487.50,-1382.50,402.50
2024-02-29 14:40:43.977741,-46,221,0,-301.34,-588.53,751.03,17.50,-962.50,367.50
2024-02-29 14:40:43.988952,-46,219,0,-301.10,-588.16,750.91,175.00,-770.00,262.50
2024-02-29 14:40:43.994784,-46,219,0,-300.85,-587.80,751.40,735.00,-490.00,367.50
2024-02-29 14:40:44.006995,-46,220,0,-300.49,-587.55,752.13,-1190.00,157.50,542.50
2024-02-29 14:40:44.013063,-46,140,0,-300.36,-587.31,752.74,-2765.00,595.00,455.00
2024-02-29 14:40:44.025189,-46,142,0,-300.36,-587.06,752.74,-3115.00,682.50,385.00
2024-02-29 14:40:44.031189,-46,142,0,-300.61,-586.82,752.74,-3255.00,770.00,175.00
2024-02-29 14:40:44.041958,-46,220,0,-301.10,-586.82,752.37,-2380.00,770.00,-17.50
2024-02-29 14:40:44.054097,-46,215,0,-301.83,-586.94,751.52,-1680.00,245.00,-140.00
2024-02-29 14:40:44.058475,-46,229,0,-302.56,-587.06,750.54,-507.50,-822.50,-490.00
2024-02-29 14:40:44.071214,-46,222,0,-302.93,-587.31,750.06,612.50,-1312.50,-595.00
2024-02-29 14:40:44.077464,-46,-303.05,-587.55,749.81,1050.00,-1487.50,-472.50
2024-02-29 14:40:44.088386,-46,202,0,-302.80,-587.80,749.57,647.50,-1662.50,-297.50
2024-02-29 14:40:44.092784,-46,216,0,-302.80,-587.67,749.57,297.50,-1697.50,-315.00
2024-02-29 14:40:44.106621,-46,139,0,-302.56,-587.55,749.69,595.00,-1907.50,-437.50
2024-02-29 14:40:44.110978,-46,299,0,-302.32,-587.55,749.93,472.50,-1925.00,-455.00
2024-02-29 14:40:44.124791,-46,218,0,-301.83,-587.80,750.42,-367.50,-1785.00,-437.50
2024-02-29 14:40:44.131245,-46,218,0,-301.58,-587.80,751.15,-525.00,-1365.00,-315.00
2024-02-29 14:40:44.141960,-46,133,0,-301.22,-587.67,751.76,-507.50,-840.00,-367.50
2024-02-29 14:40:44.146359,-46,241,0,-300.85,-587.67,752.25,-280.00,-682.50,-402.50
2024-02-29 14:40:44.158979,-46,209,0,-300.24,-587.92,752.25,-245.00,-787.50,-192.50
2024-02-29 14:40:44.170870,-40,0,-299.63,-588.41,752.25,-455.00,-787.50,420.00
2024-02-29 14:40:44.176905,-46,215,0,-299.14,-588.77,752.74,-840.00,-647.50,962.50
2024-02-29 14:40:44.186773,-46,218,0,-299.14,-588.53,753.23,-945.00,-385.00,1120.00
2024-02-29 14:40:44.198760,-46,202,0,-299.14,-588.04,753.35,-1312.50,-297.50,805.00
2024-02-29 14:40:44.203129,-46,216,0,-299.51,-587.67,753.23,-700.00,-350.00,332.50
2024-02-29 14:40:44.211139,-46,139,0,-299.88,-587.92,752.62,507.50,-682.50,262.50
2024-02-29 14:40:44.223214,-46,299,0,-300.24,-588.28,752.01,525.00,-1067.50,455.00
2024-02-29 14:40:44.229491,-46,218,0,-300.61,-588.28,751.40,-332.50,-1505.00,437.50
2024-02-29 14:40:44.241427,-46,218,0,-300.85,-587.92,750.79,350.00,-2117.50,70.00
2024-02-29 14:40:44.247544,-46,133,0,-301.34,-587.80,750.42,1837.50,-2800.00,-297.50
2024-02-29 14:40:44.258462,-46,241,0,-301.46,-587.80,750.79,3132.50,-3045.00,-402.50
2024-02-29 14:40:44.270407,-46,209,0,-300.85,-587.92,751.52,3115.00,-2590.00,-157.50
2024-02-29 14:40:44.276825,-46,2,-300.12,-588.28,751.89,2012.50,-2205.00,350.00
2024-02-29 14:40:44.288649,-46,215,0,-299.51,-588.28,752.01,1365.00,-2362.50,682.50
2024-02-29 14:40:44.292988,-46,218,0,-299.02,-588.16,752.37,1890.00,-2240.00,647.50
2024-02-29 14:40:44.306947,-46,202,0,-298.66,-588.16,752.98,2205.00,-1907.50,612.50
2024-02-29 14:40:44.311286,-46,216,0,-298.05,-588.28,753.59,1365.00,-1417.50,752.50
2024-02-29 14:40:44.324236,-46,139,0,-297.56,-588.28,753.84,717.50,-997.50,962.50
2024-02-29 14:40:44.330158,-46,299,0,-297.19,-588.16,753.84,560.00,-647.50,1067.50
2024-02-29 14:40:44.341367,-46,218,0,-297.07,-588.28,753.47,87.50,-805.00,1330.00
2024-02-29 14:40:44.347191,-46,218,0,-297.31,-588.41,753.23,-70.00,-945.00,1365.00
2024-02-29 14:40:44.358148,-46,133,0,-297.80,-588.16,753.23,-367.50,-787.50,1050.00
2024-02-29 14:40:44.369156,-46,241,0,-298.17,-587.80,753.35,-507.50,-682.50,647.50
2024-02-29 14:40:44.374996,-46,209,0,-298.41,-587.43,753.23,910.00,-665.00,157.50
2024-02-29 14:40:44.387220,-46,219,0,-298.17,-587.55,753.23,1417.50,-577.50,140.00
2024-02-29 14:40:44.393127,-46,216,0,-297.92,-587.92,753.35,455.00,-192.50,490.00
2024-02-29 14:40:44.405406,-46,200,0,-297.92,-587.80,753.47,-262.50,-157.50,560.00
2024-02-29 14:40:44.411180,-46,143,0,-298.29,-587.43,753.72,245.00,-122.50,192.50
2024-02-29 14:40:44.422366,-46,235,0,-298.41,-587.06,753.72,-140.00,-262.50,-140.00
2024-02-29 14:40:44.426744,-46,215,0,-298.29,-586.94,753.47,-700.00,-542.50,-262.50
2024-02-29 14:40:44.439252,-46,218,0,-298.29,-587.06,752.98,-525.00,-927.50,-87.50
2024-02-29 14:40:44.451324,-46,225,0,-298.66,-587.67,752.25,647.50,-1802.50,297.50
2024-02-29 14:40:44.457518,-46,226,0,-299.02,-588.16,751.89,2362.50,-2415.00,735.00
2024-02-29 14:40:44.468439,-46,217,0,-299.14,-588.04,752.01,3605.00,-2485.00,770.00
2024-02-29 14:40:44.472868,-46,161,0,-298.66,-587.67,752.50,4095.00,-2082.50,682.50
2024-02-29 14:40:44.484443,-46,218,0,-298.05,-587.55,752.98,3325.00,-1662.50,682.50
2024-02-29 14:40:44.496558,-46,159,0,-297.56,-587.55,752.98,2240.00,-1557.50,892.50
2024-02-29 14:40:44.502982,-46,140,0,-297.19,-587.80,753.23,2292.50,-1435.00,1260.00
2024-02-29 14:40:44.514882,-46,220,0,-297.19,-587.67,753.72,2135.00,-1295.00,1417.50
2024-02-29 14:40:44.523477,-46,224,0,-297.68,-587.31,754.08,1960.00,-1067.50,1225.00
2024-02-29 14:40:44.527930,-46,217,0,-298.05,-586.70,753.72,2555.00,-1260.00,840.00
2024-02-29 14:40:44.539617,-46,217,0,-298.29,-586.33,753.35,3342.50,-1557.50,437.50
2024-02-29 14:40:44.543923,-46,217,0,-298.41,-585.97,753.59,2082.50,-1347.50,210.00
2024-02-29 14:40:44.557890,-46,149,0,-298.66,-584.99,753.72,192.50,-630.00,-157.50
2024-02-29 14:40:44.563976,-46,210,0,-298.41,-584.38,754.08,2170.00,-245.00,-612.50
2024-02-29 14:40:44.574675,-46,217,0,-297.92,-584.38,755.30,1435.00,542.50,-1137.50
2024-02-29 14:40:44.586800,-46,192,0,-298.90,-584.26,755.42,-5057.50,490.00,-927.50
2024-02-29 14:40:44.591172,-46,192,0,-298.78,-584.75,754.20,6457.50,-717.50,-630.00
2024-02-29 14:40:44.604997,-46,244,0,-297.44,-585.48,754.94,2485.00,-507.50,122.50
2024-02-29 14:40:44.611088,-46,218,0,-297.31,-585.11,756.40,-2485.00,420.00,577.50
2024-02-29 14:40:44.622375,-46,218,0,-297.19,-584.38,756.64,332.50,700.00,140.00
2024-02-29 14:40:44.627852,-46,217,0,-296.70,-584.26,756.64,577.50,787.50,-70.00
2024-02-29 14:40:44.640096,-46,139,0,-296.46,-584.38,756.52,-1242.50,647.50,385.00
2024-02-29 14:40:44.645740,-46,152,0,-296.70,-584.62,756.28,17.50,560.00,542.50
2024-02-29 14:40:44.657268,-46,217,0,-297.07,-584.62,756.28,1540.00,560.00,490.00
2024-02-29 14:40:44.662939,-46,217,0,-297.68,-584.38,756.52,455.00,577.50,315.00
2024-02-29 14:40:44.673652,-46,216,0,-297.92,-583.89,756.16,1050.00,752.50,70.00
2024-02-29 14:40:44.686018,-46,219,0,-297.68,-583.53,755.91,717.50,822.50,-140.00
2024-02-29 14:40:44.691947,-46,140,0,-297.68,-583.40,755.91,-525.00,857.50,-227.50
2024-02-29 14:40:44.703018,-46,138,0,-298.29,-583.53,755.67,-1015.00,525.00,-350.00
2024-02-29 14:40:44.708759,-46,255,0,-299.14,-583.65,755.18,910.00,17.50,-402.50
2024-02-29 14:40:44.719734,-46,301,0,-299.75,-583.40,754.81,752.50,-455.00,-735.00
2024-02-29 14:40:44.731857,-46,214,0,-300.12,-583.16,754.45,2047.50,-577.50,-927.50
2024-02-29 14:40:44.740464,-46,145,0,-299.88,-582.92,754.45,2922.50,-682.50,-1277.50
2024-02-29 14:40:44.744836,-46,214,0,-299.51,-582.92,754.94,1435.00,-402.50,-1330.00
2024-02-29 14:40:44.756506,-46,218,0,-299.39,-583.16,755.42,1557.50,-122.50,-1120.00
2024-02-29 14:40:44.762852,-46,218,0,-298.90,-583.28,755.91,2345.00,-105.00,-647.50
2024-02-29 14:40:44.774827,-46,225,0,-297.92,-583.16,756.64,857.50,140.00,-140.00
2024-02-29 14:40:44.780409,-46,150,0,-297.19,-583.16,757.25,70.00,350.00,105.00
2024-02-29 14:40:44.792875,-46,218,0,-297.19,-583.40,757.50,1207.50,140.00,175.00
2024-02-29 14:40:44.798368,-46,214,0,-297.44,-583.77,757.38,2222.50,17.50,507.50
2024-02-29 14:40:44.810958,-46,139,0,-297.56,-583.89,757.01,1382.50,140.00,700.00
2024-02-29 14:40:44.816486,-46,218,0,-297.92,-583.40,756.64,455.00,420.00,367.50
2024-02-29 14:40:44.826593,-46,212,0,-298.41,-582.43,756.28,1120.00,542.50,-437.50
2024-02-29 14:40:44.838669,-46,217,0,-299.02,-582.06,755.91,1260.00,297.50,-1190.00
2024-02-29 14:40:44.843093,-46,217,0,-299.39,-581.94,755.67,1067.50,-17.50,-1365.00
2024-02-29 14:40:44.856970,-46,215,0,-299.14,-582.18,755.79,2135.00,-192.50,-1085.00
2024-02-29 14:40:44.863091,-46,164,0,-298.41,-582.55,756.40,1715.00,70.00,-507.50
2024-02-29 14:40:44.875310,-46,298,0,-297.68,-582.67,757.13,262.50,507.50,-35.00
2024-02-29 14:40:44.880862,-46,138,0,-297.44,-582.67,757.62,1032.50,542.50,350.00
2024-02-29 14:40:44.892300,-46,139,0,-297.44,-582.79,757.99,2520.00,350.00,630.00
2024-02-29 14:40:44.898116,-46,232,0,-297.56,-582.67,758.35,1785.00,227.50,770.00
2024-02-29 14:40:44.910406,-46,216,0,-297.68,-582.18,758.60,1190.00,297.50,717.50
2024-02-29 14:40:44.916004,-46,225,0,-297.80,-582.06,758.60,997.50,245.00,560.00
2024-02-29 14:40:44.926742,-46,213,0,-298.05,-581.94,758.35,350.00,297.50,630.00
2024-02-29 14:40:44.939382,-46,218,0,-298.29,-581.94,757.86,280.00,17.50,542.50
2024-02-29 14:40:44.944840,-46,296,0,-298.78,-581.94,757.13,857.50,-402.50,472.50
2024-02-29 14:40:44.956094,-46,243,0,-299.27,-581.82,756.89,1802.50,-682.50,262.50
2024-02-29 14:40:44.962169,-46,219,0,-299.88,-581.57,756.89,2555.00,-682.50,-87.50
2024-02-29 14:40:44.973215,-46,218,0,-300.12,-581.33,756.89,3150.00,-630.00,-490.00
2024-02-29 14:40:44.977586,-46,224,0,-300.12,-581.21,756.77,3360.00,-542.50,-665.00
2024-02-29 14:40:44.991392,-46,216,0,-299.63,-581.33,756.89,3097.50,-420.00,-490.00
2024-02-29 14:40:44.997618,-46,293,0,-299.14,-581.21,757.25,1925.00,-70.00,-245.00
2024-02-29 14:40:45.009539,-46,217,0,-299.14,-580.72,757.86,1155.00,315.00,-245.00
2024-02-29 14:40:45.015505,-46,216,0,-299.27,-580.48,758.11,1767.50,262.50,-437.50
2024-02-29 14:40:45.026400,-46,160,0,-299.39,-580.48,758.11,2922.50,-140.00,-315.00
2024-02-29 14:40:45.038565,-46,280,0,-299.14,-580.60,758.35,2415.00,-17.50,192.50
2024-02-29 14:40:45.044256,-46,218,0,-298.90,-580.35,759.08,455.00,507.50,472.50
2024-02-29 14:40:45.056681,-46,217,0,-298.90,-579.74,759.33,-140.00,612.50,227.50
2024-02-29 14:40:45.062274,-46,217,0,-298.90,-579.38,758.84,735.00,350.00,-70.00
2024-02-29 14:40:45.073768,-46,214,0,-298.90,-579.50,758.72,665.00,87.50,175.00
2024-02-29 14:40:45.079235,-46,218,0,-299.02,-579.50,758.84,385.00,262.50,420.00
2024-02-29 14:40:45.091645,-46,297,0,-299.39,-579.38,759.08,350.00,350.00,420.00
2024-02-29 14:40:45.097025,-46,279,0,-299.63,-579.26,758.72,437.50,140.00,122.50
2024-02-29 14:40:45.107793,-46,216,0,-299.88,-579.01,758.11,910.00,-385.00,70.00
2024-02-29 14:40:45.120204,-46,245,0,-300.12,-579.13,757.86,1557.50,-542.50,-35.00
2024-02-29 14:40:45.126465,-46,217,0,-300.24,-579.13,758.23,1452.50,-210.00,-140.00
2024-02-29 14:40:45.138482,-46,217,0,-300.36,-578.89,758.47,980.00,52.50,-350.00
2024-02-29 14:40:45.144201,-46,216,0,-300.49,-578.77,758.23,997.50,-175.00,-560.00
2024-02-29 14:40:45.155299,-46,217,0,-300.61,-578.77,757.99,2065.00,-577.50,-577.50
2024-02-29 14:40:45.159663,-46,225,0,-300.49,-578.77,758.11,2485.00,-700.00,-367.50
2024-02-29 14:40:45.173509,-46,218,0,-300.24,-578.77,758.60,1820.00,-560.00,-140.00
2024-02-29 14:40:45.179530,-46,220,0,-300.00,-578.52,759.08,1120.00,-280.00,35.00
2024-02-29 14:40:45.191746,-46,227,0,-299.75,-578.04,759.21,717.50,-262.50,35.00
2024-02-29 14:40:45.197433,-46,224,0,-299.75,-577.67,758.96,1067.50,-315.00,157.50
2024-02-29 14:40:45.208622,-46,218,0,-299.75,-577.18,758.72,1627.50,-245.00,210.00
2024-02-29 14:40:45.214334,-46,137,0,-299.39,-577.06,759.08,2275.00,70.00,280.00
2024-02-29 14:40:45.226705,-46,137,0,-299.39,-577.67,760.06,1662.50,245.00,-157.50
2024-02-29 14:40:45.231055,-46,167,0,-301.22,-578.52,760.30,-1505.00,-962.50,-315.00
2024-02-29 14:40:45.244869,-46,144,0,-302.80,-579.13,758.23,4935.00,-3255.00,367.50
2024-02-29 14:40:45.251306,-46,216,0,-300.85,-579.38,757.62,11305.00,-3325.00,1662.50
2024-02-29 14:40:45.262212,-46,218,0,-298.29,-578.04,760.06,1820.00,-385.00,1977.50
2024-02-29 14:40:45.268404,-46,218,0,-298.41,-575.47,761.77,-5985.00,997.50,332.50
2024-02-29 14:40:45.279180,-46,242,0,-299.75,-574.38,761.16,-595.00,-70.00,-1400.00
2024-02-29 14:40:45.291269,-46,217,0,-300.00,-576.45,760.55,5075.00,-1242.50,-910.00
2024-02-29 14:40:45.297696,-46,217,0,-299.88,-578.52,761.16,2712.50,-1102.50,1155.00
2024-02-29 14:40:45.309532,-46,218,0,-299.75,-578.04,761.65,-595.00,-507.50,2030.00
2024-02-29 14:40:45.315495,-46,172,0,-299.63,-575.96,761.52,332.50,-192.50,630.00
2024-02-29 14:40:45.326684,-46,213,0,-299.51,-574.62,761.28,822.50,-17.50,-770.00
2024-02-29 14:40:45.332630,-46,138,0,-300.00,-574.86,761.28,-787.50,227.50,-840.00
2024-02-29 14:40:45.344809,-46,217,0,-300.85,-575.72,761.04,-507.50,70.00,-350.00
2024-02-29 14:40:45.350543,-46,213,0,-301.34,-576.21,760.55,1207.50,-297.50,-17.50
2024-02-29 14:40:45.362805,-46,138,0,-301.10,-576.08,760.43,1785.00,-402.50,35.00
2024-02-29 14:40:45.368584,-46,217,0,-300.85,-575.47,760.43,840.00,-332.50,-105.00
2024-02-29 14:40:45.379759,-46,136,0,-300.85,-575.11,760.67,1120.00,-455.00,-367.50
2024-02-29 14:40:45.384129,-46,164,0,-300.97,-574.99,761.16,2082.50,-350.00,-455.00
2024-02-29 14:40:45.397958,-46,215,0,-301.10,-575.23,761.65,1820.00,-175.00,-210.00
2024-02-29 14:40:45.404127,-46,144,0,-301.10,-575.23,761.77,1837.50,-227.50,157.50
2024-02-29 14:40:45.416208,-46,218,0,-300.85,-574.99,761.77,2240.00,-420.00,175.00
2024-02-29 14:40:45.421843,-46,218,0,-300.61,-574.86,761.89,2205.00,-455.00,0.00
2024-02-29 14:40:45.432587,-46,218,0,-300.49,-574.86,762.26,2065.00,-525.00,35.00
2024-02-29 14:40:45.444910,-46,149,0,-300.36,-574.86,762.50,1785.00,-542.50,262.50
2024-02-29 14:40:45.450887,-46,140,0,-300.36,-574.86,762.26,1715.00,-630.00,437.50
2024-02-29 14:40:45.463039,-46,241,0,-300.36,-574.74,761.89,2397.50,-945.00,402.50
2024-02-29 14:40:45.469088,-46,217,0,-300.36,-574.50,761.77,2030.00,-1155.00,175.00
2024-02-29 14:40:45.480167,-46,218,0,-300.61,-574.13,761.77,927.50,-1050.00,-87.50
2024-02-29 14:40:45.484484,-46,217,0,-300.97,-573.89,761.65,1645.00,-1120.00,-437.50
2024-02-29 14:40:45.497470,-46,217,0,-301.10,-573.64,761.52,2555.00,-1277.50,-542.50
2024-02-29 14:40:45.503632,-46,218,0,-300.85,-573.40,762.01,2030.00,-910.00,-280.00
2024-02-29 14:40:45.515518,-46,138,0,-300.24,-572.91,762.50,735.00,-315.00,-262.50
2024-02-29 14:40:45.521084,-46,218,0,-299.88,-572.67,763.23,595.00,0.00,-280.00
2024-02-29 14:40:45.532198,-46,218,0,-300.36,-572.79,763.84,-595.00,-140.00,-332.50
2024-02-29 14:40:45.544276,-46,215,0,-301.34,-572.91,763.48,1225.00,-857.50,-122.50
2024-02-29 14:40:45.548605,-46,157,0,-300.97,-572.91,763.11,3920.00,-1120.00,210.00
2024-02-29 14:40:45.562411,-46,227,0,-300.24,-572.42,763.72,1172.50,-227.50,245.00
2024-02-29 14:40:45.568696,-46,218,0,-300.24,-571.57,764.57,-927.50,525.00,-262.50
2024-02-29 14:40:45.579690,-46,218,0,-300.49,-571.20,764.94,87.50,560.00,-875.00
2024-02-29 14:40:45.585311,-46,218,0,-300.61,-571.57,764.70,280.00,315.00,-700.00
2024-02-29 14:40:45.595904,-46,218,0,-300.36,-572.06,764.45,402.50,0.00,-140.00
2024-02-29 14:40:45.607383,-46,218,0,-300.12,-572.18,764.33,245.00,105.00,122.50
2024-02-29 14:40:45.613343,-46,218,0,-300.12,-571.69,764.21,-1137.50,297.50,-280.00
2024-02-29 14:40:45.624384,-46,218,0,-300.61,-571.45,763.72,-577.50,-70.00,-717.50
2024-02-29 14:40:45.630625,-46,304,0,-300.85,-571.69,763.35,1155.00,-437.50,-910.00
2024-02-29 14:40:45.642386,-46,216,0,-300.85,-571.94,763.35,1907.50,-455.00,-717.50
2024-02-29 14:40:45.647001,-46,215,0,-300.61,-572.06,763.60,2065.00,-490.00,-472.50
2024-02-29 14:40:45.660615,-46,216,0,-300.36,-571.94,763.96,1925.00,-297.50,-315.00
2024-02-29 14:40:45.666586,-46,213,0,-299.88,-571.69,764.57,1102.50,35.00,-332.50
2024-02-29 14:40:45.677293,-46,297,0,-299.63,-571.45,765.31,-175.00,315.00,-297.50
2024-02-29 14:40:45.689658,-46,217,0,-299.39,-571.08,765.67,-822.50,560.00,-350.00
2024-02-29 14:40:45.695609,-46,217,0,-299.51,-571.08,765.67,-682.50,455.00,-420.00
2024-02-29 14:40:45.706586,-46,218,0,-299.88,-571.33,765.43,-87.50,262.50,-210.00
2024-02-29 14:40:45.711987,-46,160,0,-300.24,-571.33,765.18,577.50,70.00,-17.50
2024-02-29 14:40:45.723404,-46,247,0,-300.24,-571.20,764.94,630.00,122.50,-192.50
2024-02-29 14:40:45.729148,-46,218,0,-300.24,-570.96,764.82,245.00,227.50,-507.50
2024-02-29 14:40:45.741427,-46,218,0,-300.36,-570.96,764.82,-227.50,280.00,-630.00
2024-02-29 14:40:45.747082,-46,218,0,-300.73,-571.20,764.45,70.00,87.50,-525.00
2024-02-29 14:40:45.759378,-46,219,0,-300.97,-571.33,763.84,1662.50,-350.00,-350.00
2024-02-29 14:40:45.763723,-46,303,0,-300.61,-571.33,764.09,2275.00,-490.00,-262.50
2024-02-29 14:40:45.777659,-46,218,0,-299.88,-571.08,765.18,875.00,262.50,-245.00
2024-02-29 14:40:45.783836,-46,217,0,-299.39,-570.84,765.92,-1190.00,1032.50,-262.50
2024-02-29 14:40:45.795806,-46,214,0,-299.51,-570.96,765.43,-1592.50,630.00,-175.00
2024-02-29 14:40:45.801763,-46,156,0,-299.88,-571.45,764.70,577.50,-140.00,-70.00
2024-02-29 14:40:45.812303,-46,231,0,-300.00,-571.69,764.57,980.00,-70.00,245.00
2024-02-29 14:40:45.824628,-46,284,0,-300.12,-571.45,764.94,-840.00,560.00,105.00
2024-02-29 14:40:45.830535,-46,296,0,-300.73,-570.84,764.70,-577.50,752.50,-700.00
2024-02-29 14:40:45.841606,-46,217,0,-301.34,-570.59,764.09,1207.50,245.00,-1330.00
2024-02-29 14:40:45.847908,-46,215,0,-301.34,-570.96,763.60,2187.50,-227.50,-1155.00
2024-02-29 14:40:45.858914,-46,241,0,-301.10,-571.45,763.72,1277.50,-140.00,-700.00
2024-02-29 14:40:45.864927,-46,228,0,-300.97,-571.45,764.09,542.50,175.00,-472.50
2024-02-29 14:40:45.877034,-46,140,0,-300.73,-571.20,764.21,717.50,-17.50,-595.00
2024-02-29 14:40:45.882979,-46,198,0,-300.85,-571.20,764.57,1225.00,-280.00,-595.00
2024-02-29 14:40:45.892851,-46,217,0,-300.73,-571.33,764.94,1382.50,-315.00,-280.00
2024-02-29 14:40:45.904884,-46,218,0,-300.24,-571.33,765.55,1032.50,-140.00,35.00
2024-02-29 14:40:45.910390,-46,138,0,-299.63,-571.20,766.04,17.50,262.50,262.50
2024-02-29 14:40:45.922793,-46,218,0,-299.51,-571.08,766.16,-1172.50,297.50,297.50
2024-02-29 14:40:45.928532,-46,218,0,-299.63,-571.33,765.67,-437.50,35.00,437.50
2024-02-29 14:40:45.939469,-46,236,0,-299.88,-571.57,765.18,-17.50,-227.50,630.00
2024-02-29 14:40:45.951616,-46,227,0,-300.61,-571.57,764.70,-17.50,-332.50,560.00
2024-02-29 14:40:45.957419,-46,216,0,-301.10,-571.20,763.96,717.50,-507.50,-17.50
2024-02-29 14:40:45.968527,-46,218,0,-301.71,-570.96,763.23,1417.50,-665.00,-560.00
2024-02-29 14:40:45.972897,-46,134,0,-302.32,-570.96,762.74,1645.00,-840.00,-892.50
2024-02-29 14:40:45.986732,-46,214,0,-302.56,-570.84,762.87,2310.00,-857.50,-1032.50
2024-02-29 14:40:45.993134,-46,291,0,-302.56,-570.72,763.11,1890.00,-647.50,-1050.00
2024-02-29 14:40:46.004984,-46,216,0,-302.19,-570.72,763.48,1837.50,-455.00,-910.00
2024-02-29 14:40:46.009402,-46,288,0,-301.58,-570.72,764.09,1347.50,-280.00,-595.00
2024-02-29 14:40:46.022352,-46,279,0,-300.97,-570.84,764.70,210.00,35.00,-227.50
2024-02-29 14:40:46.027941,-46,263,0,-300.49,-570.72,765.06,-175.00,157.50,35.00
2024-02-29 14:40:46.038565,-46,219,0,-300.49,-570.72,765.43,-420.00,297.50,87.50
2024-02-29 14:40:46.051030,-46,218,0,-300.61,-570.47,765.55,-490.00,297.50,35.00
2024-02-29 14:40:46.056407,-46,218,0,-300.73,-570.47,765.18,35.00,70.00,-245.00
2024-02-29 14:40:46.067746,-46,218,0,-300.97,-570.72,764.57,542.50,-105.00,-367.50
2024-02-29 14:40:46.073972,-46,250,0,-301.10,-570.96,764.21,980.00,-227.50,-297.50
2024-02-29 14:40:46.085808,-46,215,0,-301.22,-571.20,763.96,1697.50,-315.00,-192.50
2024-02-29 14:40:46.092040,-46,218,0,-301.10,-571.08,764.09,945.00,-157.50,-350.00
2024-02-29 14:40:46.102895,-46,218,0,-301.22,-570.84,764.09,280.00,-175.00,-560.00
2024-02-29 14:40:46.109061,-46,287,0,-301.46,-570.96,763.84,1137.50,-542.50,-455.00
2024-02-29 14:40:46.119809,-46,218,0,-301.58,-570.96,763.96,1837.50,-525.00,-262.50
2024-02-29 14:40:46.131832,-46,217,0,-301.58,-570.59,764.57,1015.00,-157.50,-262.50
2024-02-29 14:40:46.137784,-46,218,0,-301.34,-570.23,764.82,87.50,105.00,-507.50
2024-02-29 14:40:46.147905,-46,218,0,-301.34,-570.23,764.70,507.50,-175.00,-612.50
2024-02-29 14:40:46.154099,-46,160,0,-301.34,-570.47,764.45,1137.50,-490.00,-315.00
2024-02-29 14:40:46.164336,-46,215,0,-300.97,-570.59,764.94,682.50,-192.50,52.50
2024-02-29 14:40:46.176932,-46,218,0,-300.85,-570.47,765.31,-297.50,367.50,105.00
2024-02-29 14:40:46.182844,-46,218,0,-301.10,-570.23,764.94,-210.00,245.00,-140.00
2024-02-29 14:40:46.192492,-46,138,0,-301.58,-570.23,764.21,945.00,-297.50,-262.50
2024-02-29 14:40:46.204618,-46,296,0,-301.83,-570.23,763.72,1050.00,-647.50,-192.50
2024-02-29 14:40:46.210828,-46,144,0,-302.07,-570.11,763.48,385.00,-805.00,-315.00
2024-02-29 14:40:46.221685,-46,225,0,-302.56,-569.74,763.35,1172.50,-1207.50,-700.00
2024-02-29 14:40:46.228271,-46,147,0,-302.80,-569.74,763.11,2485.00,-1645.00,-997.50
2024-02-29 14:40:46.239106,-46,138,0,-302.32,-569.98,763.23,2730.00,-1837.50,-752.50
2024-02-29 14:40:46.245577,-46,186,0,-301.46,-569.98,763.96,1750.00,-1400.00,-332.50
2024-02-29 14:40:46.256259,-46,229,0,-300.73,-569.74,764.82,805.00,-1137.50,-52.50
2024-02-29 14:40:46.262383,-46,220,0,-300.36,-569.74,765.31,910.00,-1382.50,-35.00
2024-02-29 14:40:46.274370,-46,208,0,-299.88,-570.23,765.92,1242.50,-1540.00,227.50
2024-02-29 14:40:46.280471,-46,215,0,-299.14,-570.59,766.65,752.50,-1347.50,787.50
2024-02-29 14:40:46.292568,-46,215,0,-298.41,-570.72,767.14,-700.00,-595.00,1295.00
2024-02-29 14:40:46.298712,-46,218,0,-297.92,-570.11,767.38,-1575.00,0.00,1172.50
2024-02-29 14:40:46.309247,-46,193,0,-298.17,-569.74,767.14,-2222.50,175.00,577.50
2024-02-29 14:40:46.320489,-46,218,0,-299.14,-569.74,766.40,-1715.00,-140.00,367.50
2024-02-29 14:40:46.326524,-46,140,0,-300.36,-570.35,765.18,-17.50,-752.50,315.00
2024-02-29 14:40:46.338574,-46,134,0,-300.73,-570.84,764.21,1907.50,-1260.00,245.00
2024-02-29 14:40:46.344716,-46,217,0,-300.61,-570.72,764.45,1365.00,-927.50,367.50
2024-02-29 14:40:46.355804,-46,214,0,-300.24,-570.35,764.82,-227.50,-367.50,210.00
2024-02-29 14:40:46.361702,-46,160,0,-300.00,-570.35,764.94,122.50,-472.50,140.00
2024-02-29 14:40:46.373975,-46,157,0,-299.75,-570.72,765.31,507.50,-560.00,612.50
2024-02-29 14:40:46.380144,-46,145,0,-299.39,-570.72,766.28,-472.50,-122.50,1120.00
2024-02-29 14:40:46.391977,-46,216,0,-299.27,-570.23,767.01,-1785.00,402.50,1260.00
2024-02-29 14:40:46.396378,-46,218,0,-299.27,-569.74,766.89,-1627.50,367.50,1085.00
2024-02-29 14:40:46.410480,-46,126,0,-299.27,-569.74,766.65,-472.50,87.50,945.00
2024-02-29 14:40:46.416322,-46,299,0,-299.39,-570.23,766.53,-682.50,157.50,1207.50
2024-02-29 14:40:46.427316,-46,245,0,-299.51,-570.47,766.28,-1102.50,227.50,1382.50
2024-02-29 14:40:46.439263,-46,214,0,-299.63,-570.35,765.92,-910.00,122.50,1207.50
2024-02-29 14:40:46.445071,-46,217,0,-299.88,-570.23,765.43,-1085.00,-17.50,665.00
2024-02-29 14:40:46.457337,-46,296,0,-300.36,-570.23,764.70,-560.00,-140.00,175.00
2024-02-29 14:40:46.463024,-46,221,0,-300.85,-570.35,763.96,665.00,-227.50,52.50
2024-02-29 14:40:46.474356,-46,292,0,-300.97,-570.35,763.72,770.00,-210.00,-87.50
2024-02-29 14:40:46.479826,-46,225,0,-301.10,-570.11,763.72,35.00,35.00,-315.00
2024-02-29 14:40:46.491273,-46,229,0,-301.34,-569.86,763.72,420.00,-35.00,-682.50
2024-02-29 14:40:46.497415,-46,218,0,-301.58,-569.86,763.48,1522.50,-210.00,-612.50
2024-02-29 14:40:46.508279,-46,218,0,-301.58,-569.98,763.48,1487.50,-122.50,-280.00
2024-02-29 14:40:46.520131,-46,218,0,-301.34,-569.98,763.96,735.00,227.50,-157.50
2024-02-29 14:40:46.525862,-46,218,0,-301.10,-569.86,764.45,-17.50,612.50,-52.50
2024-02-29 14:40:46.537052,-46,130,0,-300.97,-569.74,764.57,-507.50,787.50,-210.00
2024-02-29 14:40:46.543059,-46,218,0,-300.97,-569.98,764.45,-367.50,892.50,-175.00
2024-02-29 14:40:46.555200,-46,139,0,-300.85,-570.35,764.45,-490.00,1050.00,87.50
2024-02-29 14:40:46.560994,-46,301,0,-300.85,-570.59,764.33,-455.00,1207.50,262.50
2024-02-29 14:40:46.573296,-46,218,0,-301.22,-570.72,764.33,-52.50,1137.50,262.50
2024-02-29 14:40:46.579194,-46,213,0,-301.46,-570.84,764.33,210.00,1137.50,280.00
2024-02-29 14:40:46.590069,-46,238,0,-301.58,-570.84,764.21,-192.50,1330.00,122.50
2024-02-29 14:40:46.602217,-46,211,0,-301.71,-570.72,763.96,-315.00,1382.50,17.50
2024-02-29 14:40:46.608382,-46,217,0,-301.95,-570.72,763.72,-315.00,1365.00,-210.00
2024-02-29 14:40:46.619285,-46,218,0,-302.32,-570.59,763.48,-420.00,1295.00,-350.00
2024-02-29 14:40:46.623648,-46,234,0,-302.56,-570.72,763.35,-210.00,1172.50,-420.00
2024-02-29 14:40:46.636465,-46,220,0,-302.68,-570.84,763.23,367.50,1085.00,-315.00
2024-02-29 14:40:46.642463,-46,213,0,-302.56,-570.72,763.35,437.50,1067.50,-297.50
2024-02-29 14:40:46.653370,-46,218,0,-302.32,-570.59,763.84,-262.50,1365.00,-210.00
2024-02-29 14:40:46.665452,-46,216,0,-302.07,-570.47,764.21,-1277.50,1767.50,-105.00
2024-02-29 14:40:46.669817,-46,193,0,-302.07,-570.59,764.09,-1225.00,1505.00,35.00
2024-02-29 14:40:46.683586,-46,228,0,-302.32,-570.96,763.60,-385.00,1242.50,122.50
2024-02-29 14:40:46.688019,-46,247,0,-302.44,-571.08,763.72,-437.50,1260.00,297.50
2024-02-29 14:40:46.696203,-46,219,0,-302.56,-570.96,763.84,-1347.50,1575.00,227.50
2024-02-29 14:40:46.706899,-46,218,0,-302.80,-570.96,763.60,-1365.00,1575.00,-70.00
2024-02-29 14:40:46.718946,-46,218,0,-303.17,-571.33,762.99,-367.50,945.00,-87.50
2024-02-29 14:40:46.724596,-46,215,0,-303.29,-571.81,762.62,437.50,770.00,245.00
2024-02-29 14:40:46.736920,-46,286,0,-303.29,-571.94,762.99,-455.00,1190.00,472.50
2024-02-29 14:40:46.743133,-46,216,0,-303.41,-571.57,763.23,-1680.00,1470.00,315.00
2024-02-29 14:40:46.754132,-46,193,0,-303.78,-571.45,762.62,-1137.50,1137.50,140.00
2024-02-29 14:40:46.760017,-46,220,0,-304.27,-571.81,762.01,-17.50,525.00,280.00
2024-02-29 14:40:46.772403,-46,295,0,-304.76,-572.18,762.01,315.00,560.00,665.00
2024-02-29 14:40:46.778042,-46,240,0,-304.88,-572.06,762.13,-805.00,962.50,542.50
2024-02-29 14:40:46.788617,-46,221,0,-305.24,-571.94,761.40,-892.50,962.50,87.50
2024-02-29 14:40:46.800037,-46,213,0,-305.98,-571.94,760.43,560.00,437.50,-280.00
2024-02-29 14:40:46.805716,-46,161,0,-306.71,-572.18,759.94,437.50,245.00,-385.00
2024-02-29 14:40:46.818037,-46,128,0,-307.44,-572.06,759.57,140.00,262.50,-717.50
2024-02-29 14:40:46.823697,-46,237,0,-307.81,-571.94,759.08,665.00,0.00,-1050.00
2024-02-29 14:40:46.834940,-46,137,0,-307.93,-572.18,758.72,840.00,-297.50,-1137.50
2024-02-29 14:40:46.839250,-46,217,0,-307.68,-572.67,758.84,1260.00,-280.00,-857.50
2024-02-29 14:40:46.851929,-46,147,0,-307.32,-573.16,759.08,1347.50,-122.50,-420.00
2024-02-29 14:40:46.863938,-46,151,0,-307.07,-573.40,759.21,1277.50,-122.50,-157.50
2024-02-29 14:40:46.869896,-46,218,0,-307.07,-573.52,759.33,1435.00,-420.00,0.00
2024-02-29 14:40:46.881166,-46,215,0,-307.07,-573.40,759.45,1977.50,-612.50,0.00
2024-02-29 14:40:46.886812,-46,215,0,-306.95,-573.16,759.45,1400.00,-682.50,35.00
2024-02-29 14:40:46.899035,-46,215,0,-307.20,-572.79,759.33,822.50,-840.00,-122.50
2024-02-29 14:40:46.903391,-46,253,0,-307.93,-572.55,759.08,2117.50,-1347.50,-367.50
2024-02-29 14:40:46.916196,-46,133,0,-308.54,-572.42,758.84,2467.50,-1855.00,-560.00
2024-02-29 14:40:46.922716,-46,218,0,-308.90,-572.42,758.47,2712.50,-2135.00,-735.00
2024-02-29 14:40:46.933318,-46,206,0,-308.90,-572.30,757.99,3797.50,-2415.00,-857.50
2024-02-29 14:40:46.945390,-46,215,0,-308.54,-572.18,758.23,3797.50,-2362.50,-980.00
