Time,x,y,pressure,accel_x,accel_y,accel_z,gyro_x,gyro_y,gyro_z
2024-02-29 14:40:23.496729,134,61,609,-699.55,687.47,-140.91,-27265.00,9660.00,-6615.00
2024-02-29 14:40:23.508097,134,61,0,-699.06,675.15,-135.91,-24395.00,8557.50,70.00
2024-02-29 14:40:23.514627,134,47,0,-701.13,667.46,-129.08,-18410.00,9100.00,8015.00
2024-02-29 14:40:23.526420,134,70,0,-705.53,675.64,-124.32,-17132.50,4060.00,4340.00
2024-02-29 14:40:23.533408,134,60,495,-710.04,681.37,-115.05,-14770.00,1942.50,-1750.00
2024-02-29 14:40:23.544866,134,58,0,-712.97,679.78,-101.75,-10587.50,2345.00,-2100.00
2024-02-29 14:40:23.551479,134,60,482,-715.29,677.34,-86.25,-5005.00,4847.50,-630.00
2024-02-29 14:40:23.563273,134,61,475,-717.97,678.32,-73.81,2905.00,8540.00,-1067.50
2024-02-29 14:40:23.567526,134,61,467,-720.41,682.22,-71.37,9257.50,5932.50,-3377.50
2024-02-29 14:40:23.580497,134,63,0,-721.87,685.40,-73.81,13072.50,-525.00,-5250.00
2024-02-29 14:40:23.587192,134,62,445,-722.12,689.30,-74.66,17255.00,-4305.00,-6282.50
2024-02-29 14:40:23.597831,135,63,0,-722.48,697.11,-77.71,22610.00,-5355.00,-9765.00
2024-02-29 14:40:23.604768,135,64,454,-722.97,702.96,-84.18,26197.50,-8977.50,-14927.50
2024-02-29 14:40:23.615551,136,66,460,-722.73,701.50,-88.82,27615.00,-10115.00,-15540.00
2024-02-29 14:40:23.626308,137,65,0,-722.61,702.48,-93.45,27002.50,-11077.50,-14560.00
2024-02-29 14:40:23.633641,138,69,443,-723.95,712.97,-98.21,26757.50,-13632.50,-20492.50
2024-02-29 14:40:23.643977,139,70,434,-726.39,721.75,-105.04,29837.50,-15697.50,-28525.00
2024-02-29 14:40:23.651575,140,73,0,-732.49,708.70,-108.82,32777.50,-22977.50,-24360.00
2024-02-29 14:40:23.662568,141,76,443,-741.76,671.61,-96.38,42262.50,-18410.00,1172.50
2024-02-29 14:40:23.669301,141,78,0,-749.93,632.94,-79.06,56350.00,-4865.00,37625.00
2024-02-29 14:40:23.681080,143,80,450,-753.47,623.05,-74.05,63805.00,2047.50,57995.00
2024-02-29 14:40:23.687574,144,82,450,-751.64,638.43,-77.59,63122.50,1032.50,49857.50
2024-02-29 14:40:23.699494,145,88,0,-744.57,646.11,-80.89,61110.00,437.50,41020.00
2024-02-29 14:40:23.708151,146,87,453,-733.95,645.62,-85.89,58065.00,-1277.50,39812.50
2024-02-29 14:40:23.712960,147,89,454,-722.97,649.28,-95.04,52220.00,-5197.50,35280.00
2024-02-29 14:40:23.724446,148,91,450,-712.72,653.55,-105.41,44835.00,-10045.00,29890.00
2024-02-29 14:40:23.731766,148,92,465,-702.48,655.51,-114.19,39707.50,-12652.50,27737.50
2024-02-29 14:40:23.742135,149,93,463,-691.74,659.04,-123.71,34212.50,-14017.50,25707.50
2024-02-29 14:40:23.749463,149,94,482,-681.74,665.14,-134.44,27860.00,-16940.00,22557.50
2024-02-29 14:40:23.759171,149,95,551,-673.68,674.66,-141.89,19740.00,-19180.00,16450.00
2024-02-29 14:40:23.769794,-46,138,0,-668.56,688.81,-146.28,9590.00,-18550.00,4952.50
2024-02-29 14:40:23.776437,-46,208,0,-665.39,700.52,-150.55,647.50,-17570.00,-8330.00
2024-02-29 14:40:23.787194,-46,144,0,-664.17,702.23,-154.21,-4357.50,-17535.00,-13702.50
2024-02-29 14:40:23.794818,-46,215,0,-665.14,698.82,-156.16,-6737.50,-17045.00,-12792.50
2024-02-29 14:40:23.804187,-46,218,0,-668.68,697.96,-157.62,-7367.50,-16502.50,-11847.50
2024-02-29 14:40:23.814832,-46,218,0,-673.68,701.74,-159.09,-7945.00,-16117.50,-13965.00
2024-02-29 14:40:23.822590,-46,213,0,-677.59,709.31,-160.55,-11602.50,-15260.00,-20510.00
2024-02-29 14:40:23.832447,-46,215,0,-679.42,716.51,-161.77,-16222.50,-14770.00,-28980.00
2024-02-29 14:40:23.840347,-46,222,0,-679.54,719.56,-161.53,-20440.00,-13667.50,-35805.00
2024-02-29 14:40:23.851196,-46,222,0,-680.27,719.07,-161.04,-24430.00,-13142.50,-40320.00
2024-02-29 14:40:23.858965,-46,141,0,-691.62,662.70,-150.43,-20545.00,-11672.50,-20387.50
2024-02-29 14:40:23.869833,-46,218,0,-706.62,636.35,-130.30,1627.50,6370.00,35577.50
2024-02-29 14:40:23.876016,-46,220,0,-714.68,676.61,-132.00,-787.50,5145.00,6912.50
2024-02-29 14:40:23.887116,-46,161,0,-719.80,689.91,-137.62,17.50,-892.50,-6020.00
2024-02-29 14:40:23.891413,-46,135,0,-721.75,685.64,-127.00,2782.50,7105.00,-7490.00
2024-02-29 14:40:23.905293,-46,219,0,-724.07,682.35,-118.71,5022.50,15977.50,-5757.50
2024-02-29 14:40:23.912247,-46,209,0,-728.10,692.72,-115.41,5705.00,25725.00,-13370.00
2024-02-29 14:40:23.923798,-46,128,0,-731.39,707.11,-117.36,3290.00,34282.50,-26512.50
2024-02-29 14:40:23.931074,-46,216,0,-732.00,717.36,-121.63,-3010.00,42717.50,-37590.00
2024-02-29 14:40:23.942424,-46,223,0,-730.29,717.97,-125.54,-7612.50,50575.00,-43925.00
2024-02-29 14:40:23.949621,-46,218,0,-727.85,709.55,-128.47,-7350.00,56087.50,-42717.50
2024-02-29 14:40:23.960949,-46,218,0,-726.88,703.82,-134.69,-4830.00,54722.50,-39305.00
2024-02-29 14:40:23.967904,-46,247,0,-728.10,706.50,-144.94,140.00,45167.50,-41212.50
2024-02-29 14:40:23.979453,-46,218,0,-728.83,707.36,-153.23,6055.00,32567.50,-43575.00
2024-02-29 14:40:23.988056,-46,218,0,-727.85,700.52,-153.35,9782.50,25637.50,-40740.00
2024-02-29 14:40:23.993486,-46,218,0,-726.63,691.86,-150.91,11567.50,21787.50,-34667.50
2024-02-29 14:40:24.004596,133,68,483,-726.02,685.40,-148.96,12372.50,15645.00,-29540.00
2024-02-29 14:40:24.011905,132,66,523,-725.41,679.91,-144.45,14350.00,10990.00,-25007.50
2024-02-29 14:40:24.023279,131,66,522,-724.44,674.29,-144.08,15400.00,5197.50,-18987.50
2024-02-29 14:40:24.030341,130,66,504,-724.19,668.56,-153.48,15417.50,-8907.50,-12040.00
2024-02-29 14:40:24.041855,129,66,506,-724.92,665.14,-164.09,17797.50,-26722.50,-5687.50
2024-02-29 14:40:24.048996,129,66,493,-726.39,653.19,-166.16,22820.00,-36435.00,630.00
2024-02-29 14:40:24.059390,128,67,471,-725.78,632.57,-162.63,25375.00,-37327.50,19302.50
2024-02-29 14:40:24.066756,126,81,0,-723.83,618.30,-160.92,22050.00,-36767.50,30450.00
2024-02-29 14:40:24.077026,124,60,0,-724.07,606.83,-159.58,21350.00,-35087.50,39620.00
2024-02-29 14:40:24.084336,123,66,466,-724.56,603.05,-161.41,23887.50,-31185.00,43750.00
2024-02-29 14:40:24.095708,121,65,446,-722.85,615.25,-173.00,17237.50,-34055.00,34597.50
2024-02-29 14:40:24.102862,119,65,450,-720.53,632.69,-186.17,3920.00,-38727.50,17202.50
2024-02-29 14:40:24.114350,116,65,444,-718.70,643.06,-194.47,-5652.50,-39935.00,4060.00
2024-02-29 14:40:24.121678,112,65,438,-719.68,641.23,-198.13,-10692.50,-38045.00,-2765.00
2024-02-29 14:40:24.132824,109,65,445,-724.80,622.93,-192.39,-6440.00,-30327.50,7630.00
2024-02-29 14:40:24.139775,104,64,437,-729.80,617.32,-185.44,595.00,-18812.50,21490.00
2024-02-29 14:40:24.151265,101,64,0,-733.22,632.08,-185.44,787.50,-17412.50,11305.00
2024-02-29 14:40:24.159895,97,64,441,-734.93,637.08,-180.80,2292.50,-15015.00,5687.50
2024-02-29 14:40:24.164721,95,64,0,-734.93,632.33,-171.65,4182.50,-9100.00,7507.50
2024-02-29 14:40:24.175316,91,70,0,-735.78,630.86,-163.97,3832.50,-4165.00,10255.00
2024-02-29 14:40:24.186159,88,65,449,-739.20,641.35,-155.67,3342.50,682.50,5565.00
2024-02-29 14:40:24.190500,87,61,0,-744.08,658.19,-146.89,6037.50,8575.00,-6965.00
2024-02-29 14:40:24.204443,83,62,0,-747.62,671.98,-142.25,8505.00,17062.50,-19512.50
2024-02-29 14:40:24.211465,81,65,453,-749.20,680.64,-140.67,8190.00,22102.50,-27825.00
2024-02-29 14:40:24.223071,80,66,466,-749.45,683.93,-140.79,5845.00,28945.00,-33722.50
2024-02-29 14:40:24.230096,78,58,0,-748.84,683.69,-142.74,1662.50,33792.50,-37100.00
2024-02-29 14:40:24.241612,76,64,0,-747.86,679.17,-143.23,1347.50,39217.50,-38692.50
2024-02-29 14:40:24.250246,76,67,444,-747.62,674.66,-146.03,1102.50,43680.00,-37765.00
2024-02-29 14:40:24.255629,75,58,0,-748.23,676.37,-153.35,2030.00,43225.00,-41247.50
2024-02-29 14:40:24.265938,75,69,464,-748.84,679.05,-160.67,2590.00,38587.50,-44782.50
2024-02-29 14:40:24.276773,75,69,465,-749.32,677.71,-165.92,4305.00,32812.50,-46235.00
2024-02-29 14:40:24.283837,76,60,0,-749.08,671.49,-168.36,6475.00,26337.50,-43732.50
2024-02-29 14:40:24.294352,76,67,0,-748.84,663.44,-167.75,6982.50,22382.50,-39042.50
2024-02-29 14:40:24.301263,78,72,0,-749.32,656.85,-168.12,6772.50,18812.50,-35227.50
2024-02-29 14:40:24.312896,79,71,529,-749.81,650.75,-171.04,4025.00,12320.00,-31062.50
2024-02-29 14:40:24.319737,80,71,599,-750.42,648.92,-174.34,-490.00,5512.50,-27020.00
2024-02-29 14:40:24.331262,82,71,0,-752.98,651.36,-182.15,1085.00,-4410.00,-27230.00
2024-02-29 14:40:24.338652,84,68,0,-758.35,636.96,-184.95,13440.00,-16957.50,-20685.00
2024-02-29 14:40:24.349925,85,70,0,-765.18,608.29,-175.56,20842.50,-16467.50,875.00
2024-02-29 14:40:24.358551,88,70,0,-772.26,580.96,-160.67,27405.00,-9660.00,21840.00
2024-02-29 14:40:24.363485,90,69,0,-778.12,565.35,-151.04,37310.00,-52.50,39375.00
2024-02-29 14:40:24.373658,92,70,750,-779.34,571.69,-155.92,42385.00,87.50,37380.00
2024-02-29 14:40:24.385863,94,69,640,-775.19,582.92,-168.36,38010.00,-4900.00,25760.00
2024-02-29 14:40:24.392821,95,69,548,-767.87,586.33,-182.27,30117.50,-10395.00,18970.00
2024-02-29 14:40:24.404458,97,69,494,-760.06,588.04,-196.66,22802.50,-15365.00,15225.00
2024-02-29 14:40:24.413045,98,67,0,-753.47,593.41,-210.08,15715.00,-18742.50,9555.00
2024-02-29 14:40:24.418400,99,69,477,-748.84,600.36,-224.11,8995.00,-24027.50,2712.50
2024-02-29 14:40:24.428861,100,67,0,-744.69,608.17,-233.51,1557.50,-29172.50,-4060.00
2024-02-29 14:40:24.439491,101,69,448,-739.20,618.42,-235.58,-3937.50,-28892.50,-13562.50
2024-02-29 14:40:24.447169,102,69,449,-731.27,631.23,-234.24,-10342.50,-26337.50,-26845.00
2024-02-29 14:40:24.457165,103,70,447,-723.46,642.21,-230.46,-17465.00,-22872.50,-40775.00
2024-02-29 14:40:24.464906,103,70,0,-719.56,647.70,-225.46,-23537.50,-19320.00,-50522.50
2024-02-29 14:40:24.475752,104,71,457,-732.24,620.74,-218.14,-24657.50,-17115.00,-53060.00
2024-02-29 14:40:24.483019,104,71,0,-751.52,565.10,-193.00,5950.00,-3202.50,8347.50
2024-02-29 14:40:24.494244,104,72,452,-762.38,566.20,-186.17,5390.00,9292.50,16800.00
2024-02-29 14:40:24.500849,105,73,437,-768.84,597.80,-194.96,7857.50,-840.00,-9100.00
2024-02-29 14:40:24.512687,105,85,0,-770.80,593.29,-182.51,9975.00,10150.00,-12600.00
2024-02-29 14:40:24.521258,105,75,430,-772.38,587.31,-176.78,8697.50,18375.00,-7910.00
2024-02-29 14:40:24.526513,106,76,427,-775.31,595.73,-179.22,6160.00,18952.50,-12722.50
2024-02-29 14:40:24.536763,107,78,431,-777.63,606.71,-182.88,472.50,21000.00,-22015.00
2024-02-29 14:40:24.548628,108,80,447,-779.09,611.22,-186.54,-4340.00,18567.50,-26495.00
2024-02-29 14:40:24.557389,109,81,0,-779.82,610.00,-184.83,-3535.00,16940.00,-26862.50
2024-02-29 14:40:24.563059,110,83,434,-780.43,606.10,-180.80,1365.00,15487.50,-23992.50
2024-02-29 14:40:24.571972,110,85,439,-782.02,600.48,-179.83,7227.50,12127.50,-20685.00
2024-02-29 14:40:24.582775,111,87,442,-784.22,583.28,-181.05,14612.50,6650.00,-8960.00
2024-02-29 14:40:24.589498,111,87,0,-785.80,562.66,-184.10,21507.50,122.50,10955.00
2024-02-29 14:40:24.600521,111,88,476,-786.17,546.32,-183.24,28087.50,-4585.00,25287.50
2024-02-29 14:40:24.612339,110,88,502,-784.09,533.14,-182.88,32585.00,-3675.00,39865.00
2024-02-29 14:40:24.620926,109,92,0,-777.99,531.07,-193.74,31955.00,-10097.50,46637.50
2024-02-29 14:40:24.626656,108,89,559,-769.94,533.63,-209.60,28752.50,-21000.00,47880.00
2024-02-29 14:40:24.637513,-46,229,0,-763.23,537.41,-221.43,20177.50,-29662.50,47110.00
2024-02-29 14:40:24.644626,-46,224,0,-757.50,550.83,-231.80,8242.50,-32690.00,35892.50
2024-02-29 14:40:24.655149,-46,133,0,-751.15,570.59,-246.93,-4322.50,-37817.50,16362.50
2024-02-29 14:40:24.662602,-46,206,0,-744.44,587.43,-261.93,-17202.50,-45360.00,-1662.50
2024-02-29 14:40:24.673755,-46,193,0,-752.86,554.61,-253.03,-18725.00,-45325.00,-7805.00
2024-02-29 14:40:24.680878,-46,212,0,-765.18,514.11,-228.51,8347.50,-18620.00,51957.50
2024-02-29 14:40:24.692328,-46,211,0,-770.92,544.61,-227.16,3745.00,-15855.00,41632.50
2024-02-29 14:40:24.699333,-46,207,0,-777.63,583.89,-228.26,7875.00,-20790.00,11147.50
2024-02-29 14:40:24.709811,-46,202,0,-779.34,588.41,-211.91,8855.00,-14035.00,5530.00
2024-02-29 14:40:24.716472,-46,204,0,-780.80,589.99,-198.13,9030.00,-9537.50,8417.50
2024-02-29 14:40:24.727332,-46,147,0,-784.70,602.44,-188.37,11777.50,-7332.50,1330.00
2024-02-29 14:40:24.734264,85,76,549,-790.56,620.74,-181.05,13265.00,-6492.50,-9187.50
2024-02-29 14:40:24.744177,84,75,515,-798.86,628.42,-171.53,18305.00,-5950.00,-21070.00
2024-02-29 14:40:24.755801,83,75,496,-806.30,613.17,-160.92,27370.00,980.00,-11742.50
2024-02-29 14:40:24.762381,82,74,489,-809.84,592.31,-160.92,31640.00,437.50,2957.50
2024-02-29 14:40:24.774326,81,74,489,-808.98,585.48,-167.51,32532.50,-3220.00,11795.00
2024-02-29 14:40:24.781175,80,74,481,-802.27,594.63,-179.10,26705.00,-6877.50,4917.50
2024-02-29 14:40:24.791711,79,74,472,-791.54,604.88,-193.74,15102.50,-13090.00,-7245.00
2024-02-29 14:40:24.799092,79,75,459,-777.75,612.44,-204.11,3220.00,-14700.00,-17535.00
2024-02-29 14:40:24.809263,79,76,452,-762.26,622.32,-212.28,-11112.50,-13930.00,-30152.50
2024-02-29 14:40:24.817141,78,78,444,-748.71,630.74,-220.58,-24185.00,-12425.00,-42857.50
2024-02-29 14:40:24.827037,79,74,0,-752.86,582.18,-218.62,-28630.00,-11252.50,-37152.50
2024-02-29 14:40:24.834374,79,80,452,-764.33,539.97,-201.54,-11550.00,6965.00,30275.00
2024-02-29 14:40:24.845547,80,81,439,-770.55,577.79,-210.82,-27685.00,9170.00,12022.50
2024-02-29 14:40:24.852636,81,82,430,-775.55,607.32,-217.65,-26880.00,420.00,-16502.50
2024-02-29 14:40:24.864096,82,83,0,-775.31,596.09,-200.45,-25620.00,17850.00,-15627.50
2024-02-29 14:40:24.871580,83,85,0,-776.29,580.48,-193.86,-21945.00,19180.00,-4812.50
2024-02-29 14:40:24.882687,84,81,0,-779.82,579.38,-188.61,-16590.00,20072.50,-3272.50
2024-02-29 14:40:24.890007,85,88,0,-784.22,586.58,-188.37,-12075.00,17202.50,-7717.50
2024-02-29 14:40:24.900260,85,92,0,-788.36,597.07,-187.76,-9082.50,12617.50,-15015.00
2024-02-29 14:40:24.907609,86,92,454,-791.66,604.02,-184.10,-3902.50,12092.50,-21840.00
2024-02-29 14:40:24.917931,88,94,449,-794.71,607.32,-182.39,0.00,8347.50,-24587.50
2024-02-29 14:40:24.924319,89,95,462,-798.37,611.71,-182.51,3360.00,3202.50,-28910.00
2024-02-29 14:40:24.935219,90,97,478,-801.30,613.90,-182.76,4882.50,-3570.00,-32690.00
2024-02-29 14:40:24.942200,91,97,0,-803.00,612.56,-178.85,5915.00,-6160.00,-34160.00
2024-02-29 14:40:24.952791,-46,150,0,-803.98,610.73,-174.46,6702.50,-4567.50,-35525.00
2024-02-29 14:40:24.964631,-46,212,0,-803.86,609.39,-173.48,4742.50,-2450.00,-38325.00
2024-02-29 14:40:24.973284,-46,214,0,-803.00,601.22,-176.66,4235.00,-1277.50,-37852.50
2024-02-29 14:40:24.978916,-46,217,0,-802.39,589.14,-185.32,-1050.00,-3412.50,-32445.00
2024-02-29 14:40:24.989035,-46,213,0,-801.42,585.23,-194.35,-12670.00,-6212.50,-30152.50
2024-02-29 14:40:24.998634,-46,216,0,-797.51,577.79,-192.88,-13720.00,-1750.00,-29890.00
2024-02-29 14:40:25.006031,-46,200,0,-792.63,565.23,-188.98,-16100.00,8260.00,-20405.00
2024-02-29 14:40:25.016214,-46,247,0,-789.10,555.59,-193.49,-18882.50,12285.00,-14560.00
2024-02-29 14:40:25.023637,-46,146,0,-786.17,545.83,-201.06,-19810.00,12162.50,-7175.00
2024-02-29 14:40:25.034787,-46,139,0,-783.24,537.04,-210.57,-20072.50,11217.50,-332.50
2024-02-29 14:40:25.041728,-46,218,0,-779.82,528.63,-217.53,-19827.50,8470.00,7560.00
2024-02-29 14:40:25.053225,-46,215,0,-776.16,517.04,-220.45,-17430.00,10622.50,16467.50
2024-02-29 14:40:25.060448,-46,225,0,-772.99,503.25,-218.38,-11007.50,9450.00,29575.00
2024-02-29 14:40:25.071877,-46,218,0,-772.75,498.86,-208.74,-4042.50,14770.00,38097.50
2024-02-29 14:40:25.078760,-46,149,0,-777.38,505.93,-206.06,-822.50,14560.00,37590.00
2024-02-29 14:40:25.090357,-46,242,0,-784.70,518.13,-208.86,-2415.00,4585.00,31447.50
2024-02-29 14:40:25.097317,-46,276,0,-792.39,533.14,-207.28,-5390.00,-2590.00,23555.00
2024-02-29 14:40:25.108830,-46,250,0,-799.83,551.07,-199.35,-7542.50,-7647.50,12740.00
2024-02-29 14:40:25.115781,-46,304,0,-804.22,561.57,-180.07,-2835.00,-5005.00,2432.50
2024-02-29 14:40:25.126279,-46,277,0,-807.52,563.40,-173.73,2170.00,-3517.50,3027.50
2024-02-29 14:40:25.133085,-46,219,0,-814.35,580.48,-175.92,4357.50,-17115.00,-2362.50
2024-02-29 14:40:25.144760,-46,219,0,-822.65,611.59,-173.97,12915.00,-22382.50,-23852.50
2024-02-29 14:40:25.152420,-46,218,0,-830.21,617.69,-169.09,26565.00,-31115.00,-38237.50
2024-02-29 14:40:25.162445,-46,218,0,-834.24,584.87,-153.72,36050.00,-24342.50,-20772.50
2024-02-29 14:40:25.169720,-46,216,0,-834.85,547.54,-145.42,36907.50,-19127.50,7210.00
2024-02-29 14:40:25.180001,-46,215,0,-830.21,539.36,-151.04,37555.00,-18637.50,17972.50
2024-02-29 14:40:25.187118,-46,223,0,-818.13,554.12,-169.58,28647.50,-27440.00,6247.50
2024-02-29 14:40:25.198637,-46,218,0,-800.32,570.35,-189.10,15680.00,-40075.00,-10622.50
2024-02-29 14:40:25.206193,-46,219,0,-782.02,580.60,-195.44,-2257.50,-42840.00,-25567.50
2024-02-29 14:40:25.217176,-46,216,0,-782.51,529.72,-170.92,-647.50,-27580.00,-22540.00
2024-02-29 14:40:25.224469,-46,161,0,-790.32,479.09,-148.72,18095.00,11672.50,48142.50
2024-02-29 14:40:25.235811,-46,219,0,-794.95,518.26,-174.46,1540.00,5950.00,35105.00
2024-02-29 14:40:25.244378,-46,253,0,-801.54,553.88,-203.25,-2572.50,-12582.50,647.50
2024-02-29 14:40:25.249265,-46,219,0,-803.74,551.20,-206.55,-9257.50,-14997.50,3097.50
2024-02-29 14:40:25.259841,-46,154,0,-806.18,554.86,-195.81,-11112.50,-11550.00,875.00
2024-02-29 14:40:25.271705,-46,215,0,-808.37,564.13,-174.34,-8837.50,4760.00,-8610.00
2024-02-29 14:40:25.280400,-46,214,0,-810.81,571.94,-157.38,-7402.50,21105.00,-15365.00
2024-02-29 14:40:25.285834,-46,219,0,-814.47,582.79,-152.38,-2222.50,28840.00,-26355.00
2024-02-29 14:40:25.294836,-46,218,0,-818.13,591.58,-152.50,2100.00,28087.50,-35525.00
2024-02-29 14:40:25.305757,-46,217,0,-820.57,594.75,-154.94,2922.50,24097.50,-41335.00
2024-02-29 14:40:25.312794,-46,218,0,-821.30,589.26,-156.77,4970.00,17920.00,-41860.00
2024-02-29 14:40:25.323326,-46,218,0,-820.82,575.47,-154.82,8207.50,13072.50,-35140.00
2024-02-29 14:40:25.330370,-46,214,0,-819.84,564.01,-151.04,7595.00,10570.00,-26862.50
2024-02-29 14:40:25.340034,150,124,0,-818.25,558.52,-149.08,10482.50,8750.00,-21700.00
2024-02-29 14:40:25.350842,150,123,697,-816.55,553.15,-153.23,15715.00,2730.00,-15925.00
2024-02-29 14:40:25.357772,150,122,578,-814.47,545.58,-161.28,17885.00,-8295.00,-8102.50
2024-02-29 14:40:25.368597,150,122,0,-810.69,532.16,-167.26,19670.00,-16205.00,2835.00
2024-02-29 14:40:25.380319,150,122,517,-805.57,516.91,-172.75,19355.00,-20510.00,17447.50
2024-02-29 14:40:25.388937,150,122,0,-799.83,507.28,-182.76,13860.00,-22470.00,28332.50
2024-02-29 14:40:25.394533,150,120,0,-792.88,498.98,-200.32,6685.00,-27037.50,38167.50
2024-02-29 14:40:25.405541,149,123,0,-786.90,485.93,-221.43,-1015.00,-34370.00,50890.00
2024-02-29 14:40:25.412884,148,121,0,-786.66,477.63,-235.22,-13002.50,-36225.00,58555.00
2024-02-29 14:40:25.423128,147,123,464,-789.34,478.36,-242.78,-25497.50,-30205.00,54232.50
2024-02-29 14:40:25.430660,145,124,493,-792.39,485.68,-241.80,-33880.00,-23940.00,50085.00
2024-02-29 14:40:25.441795,142,124,0,-798.86,506.30,-228.87,-34562.50,-10745.00,37292.50
2024-02-29 14:40:25.449256,140,124,0,-806.79,531.19,-214.84,-28875.00,-2765.00,17762.50
2024-02-29 14:40:25.459387,136,124,474,-813.01,548.63,-195.44,-20405.00,3342.50,3150.00
2024-02-29 14:40:25.466352,133,123,469,-817.03,558.39,-172.02,-8155.00,13527.50,-5932.50
2024-02-29 14:40:25.476833,129,122,457,-821.06,565.96,-153.72,2310.00,15137.50,-10290.00
2024-02-29 14:40:25.484062,124,122,450,-825.94,575.60,-139.08,14542.50,13405.00,-16992.50
2024-02-29 14:40:25.494679,118,120,451,-830.09,585.60,-131.27,24290.00,8837.50,-24255.00
2024-02-29 14:40:25.506384,114,120,462,-832.28,590.72,-129.81,29155.00,-1487.50,-28752.50
2024-02-29 14:40:25.515046,109,121,0,-832.04,587.31,-125.90,34090.00,-10097.50,-27090.00
2024-02-29 14:40:25.521174,105,117,460,-830.09,580.23,-119.56,37625.00,-12757.50,-22837.50
2024-02-29 14:40:25.531675,100,118,466,-827.53,566.81,-117.49,38762.50,-12967.50,-15785.00
2024-02-29 14:40:25.539015,97,117,0,-825.09,553.64,-123.22,34317.50,-14997.50,-7087.50
2024-02-29 14:40:25.550268,94,118,483,-822.52,543.27,-132.25,29190.00,-18480.00,-647.50
2024-02-29 14:40:25.557277,91,119,470,-820.08,532.90,-139.57,23257.50,-18340.00,6177.50
2024-02-29 14:40:25.568756,89,118,465,-819.11,529.60,-145.91,18847.50,-14805.00,8995.00
2024-02-29 14:40:25.575824,87,118,0,-819.23,535.09,-154.94,12775.00,-10867.50,5687.50
2024-02-29 14:40:25.586302,86,119,465,-819.35,539.85,-167.14,7210.00,-9817.50,-385.00
2024-02-29 14:40:25.593046,85,119,0,-818.86,540.22,-179.58,-1242.50,-11427.50,-612.50
2024-02-29 14:40:25.604617,84,120,461,-818.38,541.68,-187.88,-9170.00,-12180.00,-1890.00
2024-02-29 14:40:25.611999,83,120,0,-818.38,545.46,-190.69,-15820.00,-9100.00,-4777.50
2024-02-29 14:40:25.623069,84,121,480,-819.47,552.66,-189.47,-20370.00,-4007.50,-10447.50
2024-02-29 14:40:25.630589,85,122,467,-821.30,560.22,-184.83,-21385.00,1382.50,-17727.50
2024-02-29 14:40:25.639675,-46,213,0,-823.99,568.76,-176.17,-17237.50,6807.50,-24990.00
2024-02-29 14:40:25.647149,-46,211,0,-826.43,579.99,-164.46,-11812.50,15137.50,-35665.00
2024-02-29 14:40:25.657641,-46,214,0,-826.67,583.89,-154.70,-6475.00,22312.50,-43855.00
2024-02-29 14:40:25.668491,-46,216,0,-825.33,578.65,-147.86,-3115.00,26372.50,-42787.50
2024-02-29 14:40:25.675373,-46,217,0,-823.26,568.76,-145.06,595.00,28367.50,-39585.00
2024-02-29 14:40:25.685911,-46,218,0,-820.94,555.22,-147.01,3780.00,25357.50,-30572.50
2024-02-29 14:40:25.692945,-46,203,0,-818.86,545.10,-151.16,4025.00,21280.00,-22575.00
2024-02-29 14:40:25.703491,-46,218,0,-817.16,536.43,-156.89,4340.00,16695.00,-16047.50
2024-02-29 14:40:25.710235,-46,198,0,-815.69,528.99,-162.14,5740.00,9922.50,-7770.00
2024-02-29 14:40:25.721968,-46,219,0,-814.84,526.92,-161.77,7805.00,6370.00,-3447.50
2024-02-29 14:40:25.728436,-46,222,0,-813.25,521.43,-155.67,11900.00,7770.00,-595.00
2024-02-29 14:40:25.739265,-46,299,0,-810.57,503.98,-154.33,14735.00,8855.00,11742.50
2024-02-29 14:40:25.746042,-46,235,0,-809.47,488.73,-162.14,14262.50,-122.50,28227.50
2024-02-29 14:40:25.757791,-46,219,0,-809.96,483.73,-173.36,11865.00,-12670.00,36347.50
2024-02-29 14:40:25.764973,-46,220,0,-811.06,479.95,-184.22,9992.50,-26285.00,42892.50
2024-02-29 14:40:25.776386,-46,215,0,-813.37,481.78,-190.81,7000.00,-34160.00,45395.00
2024-02-29 14:40:25.783406,-46,199,0,-817.89,494.47,-194.96,5337.50,-35927.50,37765.00
2024-02-29 14:40:25.794957,-46,218,0,-822.89,512.89,-197.76,4410.00,-34895.00,24010.00
2024-02-29 14:40:25.801949,-46,201,0,-826.92,526.55,-199.10,2327.50,-33267.50,10780.00
2024-02-29 14:40:25.813436,-46,218,0,-830.09,531.19,-198.37,1085.00,-32865.00,4112.50
2024-02-29 14:40:25.820054,-46,200,0,-831.67,533.02,-192.52,280.00,-29172.50,-402.50
2024-02-29 14:40:25.831842,-46,229,0,-831.55,534.60,-185.44,-2205.00,-21910.00,-3202.50
2024-02-29 14:40:25.840433,144,144,0,-831.55,537.29,-182.51,-4585.00,-19617.50,-4830.00
2024-02-29 14:40:25.846307,144,144,531,-831.43,543.88,-179.83,-7332.50,-18707.50,-8347.50
2024-02-29 14:40:25.856359,145,144,510,-830.82,548.39,-173.73,-7752.50,-15277.50,-12775.00
2024-02-29 14:40:25.867895,145,144,504,-830.58,548.63,-165.31,-3640.00,-10710.00,-13282.50
2024-02-29 14:40:25.876526,145,145,495,-831.67,550.95,-159.33,-2310.00,-7245.00,-14910.00
2024-02-29 14:40:25.882428,145,145,490,-833.38,555.10,-156.77,-4322.50,-6195.00,-19337.50
2024-02-29 14:40:25.892959,145,145,479,-834.72,558.03,-154.33,-10377.50,-3587.50,-23817.50
2024-02-29 14:40:25.900410,145,145,0,-835.46,558.76,-151.04,-15575.00,1137.50,-28070.00
2024-02-29 14:40:25.911526,144,143,0,-835.09,554.37,-144.45,-13090.00,8172.50,-29102.50
2024-02-29 14:40:25.918897,143,145,461,-834.97,550.71,-137.86,-5722.50,16625.00,-28402.50
2024-02-29 14:40:25.930196,142,146,0,-835.70,550.71,-134.93,-1540.00,22452.50,-31867.50
2024-02-29 14:40:25.937495,140,147,443,-837.04,548.88,-134.32,-1050.00,25830.00,-34142.50
2024-02-29 14:40:25.948667,138,147,447,-839.48,549.61,-132.98,-1155.00,27247.50,-37030.00
2024-02-29 14:40:25.955744,135,147,441,-841.07,549.24,-132.00,-17.50,26810.00,-41720.00
2024-02-29 14:40:25.967136,133,147,451,-841.92,543.27,-130.78,17.50,23765.00,-39217.50
2024-02-29 14:40:25.973848,130,147,453,-842.53,538.87,-131.27,472.50,21105.00,-37607.50
2024-02-29 14:40:25.985597,127,145,0,-842.78,536.92,-133.22,4637.50,15925.00,-35840.00
2024-02-29 14:40:25.994172,124,147,448,-843.87,534.85,-133.71,7857.50,12337.50,-35402.50
2024-02-29 14:40:25.999570,120,147,455,-845.46,530.58,-136.64,10552.50,6335.00,-33460.00
2024-02-29 14:40:26.010808,116,147,453,-847.53,524.84,-144.94,11322.50,-4147.50,-29522.50
2024-02-29 14:40:26.018374,112,145,457,-850.71,517.40,-157.14,14297.50,-20790.00,-24167.50
2024-02-29 14:40:26.029467,108,156,0,-854.98,517.40,-162.75,19565.00,-34877.50,-20930.00
2024-02-29 14:40:26.037115,104,145,0,-863.88,502.88,-152.87,29785.00,-36697.50,-20370.00
2024-02-29 14:40:26.048142,101,145,463,-882.79,444.32,-133.59,43137.50,-28437.50,14525.00
2024-02-29 14:40:26.055392,97,145,454,-909.14,374.17,-116.75,62632.50,-20422.50,76895.00
2024-02-29 14:40:26.064675,94,145,462,-930.37,340.14,-123.10,73325.00,-21192.50,121082.50
2024-02-29 14:40:26.072414,91,145,464,-942.82,343.06,-156.28,61127.50,-47145.00,133350.00
2024-02-29 14:40:26.083501,89,145,457,-953.80,351.85,-182.39,40442.50,-71662.50,135397.50
2024-02-29 14:40:26.090955,87,145,465,-966.36,349.41,-191.54,30240.00,-80342.50,147297.50
2024-02-29 14:40:26.102293,86,146,473,-978.32,343.55,-192.88,29277.50,-82915.00,166355.00
2024-02-29 14:40:26.109845,84,146,0,-986.98,342.33,-186.42,29295.00,-77490.00,182910.00
2024-02-29 14:40:26.119943,83,147,480,-991.62,337.57,-179.10,29435.00,-66885.00,200935.00
2024-02-29 14:40:26.127523,82,147,486,-988.81,327.08,-182.51,27352.50,-60637.50,224525.00
2024-02-29 14:40:26.137668,82,148,0,-975.39,320.62,-203.62,19355.00,-67130.00,246347.50
2024-02-29 14:40:26.145227,-46,210,0,-953.31,324.28,-234.24,4585.00,-86817.50,259070.00
2024-02-29 14:40:26.156259,-46,143,0,-923.30,335.99,-258.40,-5932.50,-107100.00,264075.00
2024-02-29 14:40:26.164380,-46,138,0,-886.45,353.80,-268.16,-18655.00,-120610.00,263725.00
2024-02-29 14:40:26.175084,-46,222,0,-844.24,376.49,-258.88,-31780.00,-122272.50,259717.50
2024-02-29 14:40:26.183625,-46,220,0,-798.37,401.75,-233.63,-41772.50,-110302.50,251860.00
2024-02-29 14:40:26.190417,-46,220,0,-753.84,426.76,-202.03,-46602.50,-94027.50,240590.00
2024-02-29 14:40:26.200405,-46,222,0,-706.26,454.21,-176.78,-24832.50,-77245.00,229827.50
2024-02-29 14:40:26.208223,-46,203,0,-665.39,480.19,-163.85,-9590.00,-73902.50,214882.50
2024-02-29 14:40:26.218236,-46,219,0,-633.55,493.25,-146.89,-29015.00,-72817.50,203752.50
2024-02-29 14:40:26.226192,-46,251,0,-603.17,496.30,-120.29,-39427.50,-65940.00,203262.50
2024-02-29 14:40:26.235452,-46,218,0,-577.55,501.18,-95.65,-47967.50,-61530.00,205555.00
2024-02-29 14:40:26.246121,-46,214,0,-552.78,513.86,-79.91,-60585.00,-65345.00,201932.50
2024-02-29 14:40:26.253734,-46,220,0,-527.04,532.65,-70.76,-80797.50,-75757.50,192325.00
2024-02-29 14:40:26.264748,-46,217,0,-497.27,550.71,-63.93,-121082.50,-89792.50,185290.00
2024-02-29 14:40:26.272825,-46,216,0,-468.72,564.86,-55.39,-164587.50,-106225.00,184677.50
2024-02-29 14:40:26.283474,-46,137,0,-445.54,600.12,-48.43,-182770.00,-118002.50,170660.00
2024-02-29 14:40:26.292242,-46,219,0,-421.27,675.64,-48.92,-236285.00,-136762.50,123095.00
2024-02-29 14:40:26.298860,-46,221,0,-394.79,758.35,-39.65,-310782.50,-156152.50,58257.50
2024-02-29 14:40:26.309037,-46,218,0,-361.24,806.91,3.42,-521745.00,-150412.50,10255.00
2024-02-29 14:40:26.316675,-46,217,0,-333.91,811.18,60.51,-573370.00,-123585.00,-21945.00
2024-02-29 14:40:26.327666,-46,140,0,-323.30,801.30,93.70,-558250.00,-111090.00,-39515.00
2024-02-29 14:40:26.335752,-46,148,0,-314.76,805.81,104.55,-494637.50,-116305.00,-62737.50
2024-02-29 14:40:26.345433,-46,224,0,-300.85,812.76,114.56,-444885.00,-123795.00,-94342.50
2024-02-29 14:40:26.353597,-46,220,0,-284.75,805.93,128.59,-428487.50,-126157.50,-117302.50
2024-02-29 14:40:26.363224,-46,194,0,-272.55,788.49,140.30,-413875.00,-129027.50,-127085.00
2024-02-29 14:40:26.371692,-46,218,0,-264.98,775.92,151.40,-258860.00,-134050.00,-142642.50
2024-02-29 14:40:26.381100,-46,220,0,-259.01,771.89,178.61,5232.50,-140560.00,-172847.50
2024-02-29 14:40:26.388905,-46,220,0,-249.25,747.74,231.80,-52535.00,-121047.50,-169715.00
2024-02-29 14:40:26.399999,-46,216,0,-235.95,704.55,291.21,-144637.50,-87990.00,-145355.00
2024-02-29 14:40:26.408063,-46,219,0,-224.97,676.37,335.50,-214672.50,-66412.50,-132387.50
2024-02-29 14:40:26.418794,107,175,513,-213.74,659.41,367.71,-220430.00,-58485.00,-136430.00
2024-02-29 14:40:26.426871,107,175,574,-200.81,636.23,397.96,-221515.00,-47302.50,-134837.50
2024-02-29 14:40:26.436516,106,171,0,-187.76,613.42,427.98,-308927.50,-27545.00,-121380.00
2024-02-29 14:40:26.444725,106,174,503,-178.36,611.22,452.38,-430062.50,-11287.50,-122185.00
2024-02-29 14:40:26.455398,106,173,488,-178.36,610.37,467.14,-492642.50,-7525.00,-133087.50
2024-02-29 14:40:26.463952,105,174,485,-186.17,595.36,474.46,-535640.00,-14665.00,-133840.00
2024-02-29 14:40:26.470887,104,174,473,-195.08,586.58,479.83,-569975.00,-26687.50,-138635.00
2024-02-29 14:40:26.480864,103,174,462,-201.91,576.45,484.22,-573370.00,-34632.50,-153457.50
2024-02-29 14:40:26.488981,102,172,0,-205.69,545.71,487.27,-573370.00,-41125.00,-159757.50
2024-02-29 14:40:26.499688,100,174,469,-208.50,493.98,489.95,-573317.50,-48212.50,-152967.50
2024-02-29 14:40:26.507705,99,173,452,-210.82,429.68,499.35,-556990.00,-55982.50,-142957.50
2024-02-29 14:40:26.517509,97,172,0,-210.57,354.78,524.36,-505225.00,-55982.50,-128100.00
2024-02-29 14:40:26.525685,95,171,0,-207.16,272.91,571.20,-459235.00,-44800.00,-106312.50
2024-02-29 14:40:26.535283,93,174,482,-199.96,194.71,639.16,-445077.50,-14035.00,-81655.00
2024-02-29 14:40:26.543098,91,176,0,-187.15,125.78,707.60,-437342.50,23992.50,-62615.00
2024-02-29 14:40:26.554099,90,174,0,-141.40,78.32,779.34,95970.00,35805.00,-79275.00
2024-02-29 14:40:26.560978,89,174,564,-92.35,71.37,818.01,537565.00,46217.50,-140910.00
2024-02-29 14:40:26.571592,88,170,0,-71.61,74.42,805.44,537057.50,20055.00,-163607.50
2024-02-29 14:40:26.578677,-46,220,0,-56.73,49.04,787.14,500605.00,-14035.00,-153160.00
2024-02-29 14:40:26.589152,-46,221,0,-65.39,24.89,762.50,297325.00,-41160.00,-121432.50
2024-02-29 14:40:26.596675,-46,221,0,-114.07,16.96,725.41,-142555.00,-73902.50,-96985.00
2024-02-29 14:40:26.607813,-46,220,0,-176.78,-4.03,692.84,-521990.00,-103337.50,-84927.50
2024-02-29 14:40:26.615729,-46,219,0,-215.09,-52.70,679.17,-571952.50,-111667.50,-74060.00
2024-02-29 14:40:26.626589,-46,218,0,-225.21,-122.98,692.84,-571445.00,-100607.50,-51625.00
2024-02-29 14:40:26.634724,-46,286,0,-214.23,-235.58,714.43,-485940.00,-77140.00,-11585.00
2024-02-29 14:40:26.644324,-46,220,0,-191.05,-359.78,719.43,-132895.00,-58747.50,52552.50
2024-02-29 14:40:26.651980,-46,180,0,-174.22,-430.42,709.06,-82075.00,-59990.00,99120.00
2024-02-29 14:40:26.661051,-46,217,0,-166.65,-457.26,691.98,-186725.00,-70490.00,110740.00
2024-02-29 14:40:26.669062,-46,219,0,-160.55,-439.81,712.24,-220115.00,-69947.50,94482.50
2024-02-29 14:40:26.679821,-46,212,0,-143.47,-391.62,782.39,-298725.00,-20370.00,39532.50
2024-02-29 14:40:26.687421,-46,219,0,-117.61,-378.44,810.69,-229547.50,24185.00,-9730.00
2024-02-29 14:40:26.697425,-46,220,0,-109.80,-411.02,765.55,-90597.50,4952.50,-26040.00
2024-02-29 14:40:26.704949,-46,220,0,-124.81,-462.26,716.38,-35420.00,-33477.50,-23520.00
2024-02-29 14:40:26.715007,-46,220,0,-143.96,-537.04,729.68,-45850.00,-49262.50,-1207.50
2024-02-29 14:40:26.722506,-46,220,0,-145.91,-617.32,798.61,-27090.00,-2660.00,35927.50
2024-02-29 14:40:26.732767,-46,154,0,-140.54,-669.66,831.55,94412.50,34090.00,53112.50
2024-02-29 14:40:26.743649,-46,219,0,-142.62,-687.84,824.96,163712.50,27370.00,53410.00
2024-02-29 14:40:26.750998,-46,220,0,-139.69,-677.95,831.80,155067.50,27317.50,33355.00
2024-02-29 14:40:26.762376,124,177,547,-130.91,-659.65,837.04,136482.50,35157.50,5372.50
2024-02-29 14:40:26.771060,125,176,555,-117.61,-646.60,827.40,117460.00,39392.50,-17150.00
2024-02-29 14:40:26.776907,126,175,485,-102.11,-635.99,813.01,81515.00,46392.50,-33460.00
2024-02-29 14:40:26.786983,127,174,476,-85.28,-622.08,802.64,73622.50,56280.00,-48125.00
2024-02-29 14:40:26.798733,127,174,441,-68.32,-618.54,790.56,93537.50,65275.00,-55860.00
2024-02-29 14:40:26.807278,128,168,0,-59.05,-625.37,769.45,156170.00,57855.00,-55055.00
2024-02-29 14:40:26.812914,128,173,448,-67.59,-633.91,765.06,163905.00,49612.50,-49070.00
2024-02-29 14:40:26.823892,128,173,451,-95.04,-651.24,779.21,157745.00,51695.00,-31902.50
2024-02-29 14:40:26.831085,128,174,453,-125.05,-676.86,790.93,156677.50,52360.00,-7770.00
2024-02-29 14:40:26.842478,129,173,466,-140.30,-700.28,795.20,148645.00,53095.00,13930.00
2024-02-29 14:40:26.849876,129,174,0,-142.25,-704.18,790.93,118265.00,53795.00,21962.50
2024-02-29 14:40:26.861180,130,175,540,-138.84,-685.64,782.75,88445.00,53252.50,15470.00
2024-02-29 14:40:26.868144,-46,219,0,-133.59,-661.97,778.85,95112.50,55685.00,1750.00
2024-02-29 14:40:26.878737,-46,221,0,-128.10,-648.55,787.39,104195.00,69755.00,-7227.50
2024-02-29 14:40:26.886034,-46,223,0,-122.24,-644.89,802.76,99015.00,90912.50,-8102.50
2024-02-29 14:40:26.896350,-46,218,0,-116.39,-639.52,813.01,94447.50,106785.00,-9730.00
2024-02-29 14:40:26.903954,-46,221,0,-115.17,-624.15,814.84,70035.00,109795.00,-19442.50
2024-02-29 14:40:26.915162,-46,219,0,-121.63,-605.36,813.74,18147.50,100975.00,-32060.00
2024-02-29 14:40:26.922729,-46,218,0,-132.98,-596.70,816.79,-21280.00,89162.50,-39287.50
2024-02-29 14:40:26.933896,-46,222,0,-145.18,-600.00,823.26,-18375.00,81060.00,-37940.00
2024-02-29 14:40:26.941368,-46,218,0,-154.33,-605.12,829.36,19950.00,77472.50,-33775.00
2024-02-29 14:40:26.951485,-46,156,0,-160.06,-602.92,833.63,54670.00,78242.50,-31657.50
2024-02-29 14:40:26.958922,-46,219,0,-163.36,-593.29,835.70,63472.50,81795.00,-31342.50
2024-02-29 14:40:26.970179,-46,218,0,-163.97,-578.04,833.38,74445.00,86310.00,-30957.50
2024-02-29 14:40:26.978804,-46,248,0,-164.46,-558.15,824.72,105210.00,86117.50,-32830.00
2024-02-29 14:40:26.984934,-46,200,0,-168.97,-535.34,809.71,113067.50,80657.50,-35280.00
2024-02-29 14:40:26.995119,-46,145,0,-178.24,-514.84,793.98,104895.00,68425.00,-38185.00
2024-02-29 14:40:27.004729,-46,219,0,-191.78,-503.86,788.61,57400.00,58747.50,-34755.00
2024-02-29 14:40:27.011735,-46,219,0,-208.01,-504.96,795.81,140.00,55352.50,-26215.00
2024-02-29 14:40:27.022335,-46,219,0,-221.80,-512.40,809.59,2327.50,54687.50,-17202.50
2024-02-29 14:40:27.029408,136,197,510,-229.85,-518.87,825.70,24762.50,59290.00,-11182.50
2024-02-29 14:40:27.039997,135,196,0,-233.63,-524.11,843.26,19950.00,63787.50,-5512.50
2024-02-29 14:40:27.050936,135,194,0,-236.19,-527.41,856.93,2275.00,64995.00,3080.00
2024-02-29 14:40:27.057351,134,193,482,-240.34,-523.14,863.27,6090.00,58362.50,9065.00
2024-02-29 14:40:27.068305,133,190,0,-245.59,-513.13,865.96,13072.50,48650.00,11795.00
2024-02-29 14:40:27.075367,131,192,0,-247.17,-501.91,862.78,21507.50,37467.50,12512.50
2024-02-29 14:40:27.087023,129,191,461,-243.63,-491.05,855.95,22977.50,25287.50,6912.50
2024-02-29 14:40:27.093911,128,190,452,-238.63,-480.68,847.41,31762.50,13142.50,-3395.00
2024-02-29 14:40:27.105610,125,188,468,-235.46,-468.48,839.36,37747.50,3080.00,-16660.00
2024-02-29 14:40:27.112780,124,187,473,-234.36,-458.23,834.36,42192.50,-3255.00,-28875.00
2024-02-29 14:40:27.124199,122,186,464,-234.48,-450.91,829.36,60865.00,-7367.50,-36785.00
2024-02-29 14:40:27.132743,120,186,462,-234.97,-444.81,823.26,79205.00,-9835.00,-41650.00
2024-02-29 14:40:27.138605,119,186,471,-234.00,-438.22,807.15,86537.50,-14682.50,-44362.50
2024-02-29 14:40:27.148931,117,185,462,-229.60,-428.71,776.29,84157.50,-32480.00,-47810.00
2024-02-29 14:40:27.159400,116,185,0,-222.53,-417.00,740.66,65432.50,-52902.50,-51205.00
2024-02-29 14:40:27.166956,115,186,474,-215.94,-408.46,691.74,51537.50,-76422.50,-52570.00
2024-02-29 14:40:27.178151,113,186,474,-208.25,-407.48,626.59,30047.50,-112332.50,-47512.50
2024-02-29 14:40:27.186737,112,188,0,-195.20,-409.19,562.79,-3010.00,-152477.50,-41317.50
2024-02-29 14:40:27.193374,111,187,470,-177.88,-409.31,507.52,-23152.50,-192762.50,-40320.00
2024-02-29 14:40:27.203405,110,188,473,-157.87,-409.19,460.06,-32620.00,-232330.00,-44432.50
2024-02-29 14:40:27.213659,110,190,463,-134.44,-410.90,418.70,-20982.50,-271355.00,-51380.00
2024-02-29 14:40:27.221571,109,193,488,-105.90,-413.82,381.49,5285.00,-311500.00,-56962.50
2024-02-29 14:40:27.231285,109,193,489,-71.61,-415.29,346.72,16975.00,-354410.00,-60200.00
2024-02-29 14:40:27.238817,108,196,519,-34.53,-403.45,322.32,15732.50,-400225.00,-63647.50
2024-02-29 14:40:27.249962,108,198,0,7.81,-341.48,382.59,-84787.50,-403392.50,-100012.50
2024-02-29 14:40:27.257600,107,199,487,54.17,-252.66,470.92,62142.50,-360202.50,-174300.00
2024-02-29 14:40:27.268666,107,202,0,97.60,-192.76,489.10,147332.50,-358452.50,-233975.00
2024-02-29 14:40:27.277382,106,204,0,155.92,-200.20,532.29,216457.50,-389550.00,-248832.50
2024-02-29 14:40:27.284038,106,201,0,229.85,-331.11,923.17,86152.50,-144252.50,-174615.00
2024-02-29 14:40:27.294284,105,207,466,276.45,-443.71,1211.34,71872.50,132930.00,-74200.00
2024-02-29 14:40:27.301796,104,195,0,287.19,-458.35,1103.86,66867.50,77805.00,-47040.00
2024-02-29 14:40:27.311967,103,211,475,285.85,-464.33,1007.60,14822.50,20685.00,-30310.00
2024-02-29 14:40:27.319389,102,212,463,283.77,-465.31,921.83,18060.00,-34947.50,-16450.00
2024-02-29 14:40:27.329764,101,213,0,284.99,-463.84,848.39,-840.00,-84087.50,-4025.00
2024-02-29 14:40:27.336792,99,214,470,288.77,-466.28,859.25,-29417.50,-105962.50,6930.00
2024-02-29 14:40:27.348362,98,215,470,292.43,-474.82,952.70,-44257.50,-32235.00,24937.50
2024-02-29 14:40:27.355446,96,215,456,292.43,-470.68,972.46,-26215.00,2712.50,32900.00
2024-02-29 14:40:27.366907,94,213,461,292.56,-452.99,943.79,-52360.00,-14910.00,27772.50
2024-02-29 14:40:27.374188,93,213,453,296.46,-436.76,947.57,-70840.00,-1697.50,20440.00
2024-02-29 14:40:27.385538,91,213,439,302.32,-422.12,948.18,-82757.50,6335.00,13457.50
2024-02-29 14:40:27.392226,89,211,434,310.12,-406.87,946.35,-86485.00,9135.00,4725.00
2024-02-29 14:40:27.404067,87,210,440,319.03,-389.67,946.35,-84000.00,9975.00,-9870.00
2024-02-29 14:40:27.411016,85,209,0,326.84,-376.25,940.74,-84472.50,7402.50,-25725.00
2024-02-29 14:40:27.422609,83,204,436,331.84,-370.88,936.35,-83965.00,3920.00,-34842.50
2024-02-29 14:40:27.431270,82,199,0,333.43,-368.81,933.67,-79152.50,3622.50,-37467.50
2024-02-29 14:40:27.436521,81,199,436,331.96,-366.73,928.05,-80395.00,1207.50,-38570.00
2024-02-29 14:40:27.447780,80,197,438,328.42,-366.12,924.52,-88287.50,-70.00,-37625.00
2024-02-29 14:40:27.454802,78,193,439,323.30,-366.85,925.00,-91840.00,2082.50,-34195.00
2024-02-29 14:40:27.466318,77,178,0,318.42,-367.71,922.93,-84472.50,4305.00,-29925.00
2024-02-29 14:40:27.473366,77,188,438,317.32,-369.90,920.86,-67690.00,4182.50,-24062.50
2024-02-29 14:40:27.484836,76,189,0,320.13,-373.32,919.88,-53200.00,1907.50,-17570.00
2024-02-29 14:40:27.492021,76,186,438,325.74,-377.47,914.15,-48160.00,-4655.00,-10622.50
2024-02-29 14:40:27.503401,76,184,412,333.43,-381.62,905.00,-47862.50,-11252.50,-4970.00
2024-02-29 14:40:27.510579,76,183,434,341.60,-386.13,897.68,-41772.50,-18322.50,-980.00
2024-02-29 14:40:27.522002,76,184,439,347.46,-389.55,888.89,-41002.50,-22417.50,1452.50
2024-02-29 14:40:27.530500,76,184,444,350.14,-394.30,880.11,-45045.00,-27457.50,3010.00
2024-02-29 14:40:27.535887,76,182,0,350.51,-402.11,878.16,-39252.50,-25952.50,5565.00
2024-02-29 14:40:27.547099,76,185,0,349.65,-406.63,875.96,-24377.50,-20230.00,6090.00
2024-02-29 14:40:27.553990,78,199,0,347.70,-408.58,873.40,-12232.50,-15785.00,4462.50
2024-02-29 14:40:27.565564,79,188,509,345.14,-409.19,873.28,-1557.50,-9397.50,1732.50
2024-02-29 14:40:27.572070,67,232,0,342.82,-409.68,870.84,3395.00,-5880.00,-2625.00
2024-02-29 14:40:27.583954,-46,224,0,342.21,-414.31,869.01,4655.00,-6335.00,-4725.00
2024-02-29 14:40:27.590499,-46,230,0,343.80,-419.68,866.44,-3640.00,-5862.50,-4812.50
2024-02-29 14:40:27.601466,-46,139,0,347.94,-422.85,858.88,-13580.00,-11095.00,-6632.50
2024-02-29 14:40:27.608698,-46,219,0,354.53,-426.02,853.88,-13650.00,-16397.50,-9047.50
2024-02-29 14:40:27.619873,-46,193,0,362.46,-428.95,850.71,-9712.50,-22452.50,-12320.00
2024-02-29 14:40:27.627445,-46,179,0,369.17,-431.03,846.80,-13510.00,-27020.00,-17115.00
2024-02-29 14:40:27.638631,-46,220,0,371.73,-433.34,841.80,-20195.00,-30380.00,-20720.00
2024-02-29 14:40:27.646250,-46,210,0,370.64,-437.74,836.80,-23572.50,-33495.00,-20527.50
2024-02-29 14:40:27.656265,-46,204,0,368.32,-442.62,834.85,-10395.00,-31552.50,-16310.00
2024-02-29 14:40:27.663627,-46,220,0,366.12,-444.69,834.72,2695.00,-28682.50,-12022.50
2024-02-29 14:40:27.673875,-46,219,0,365.39,-444.32,834.60,2817.50,-26950.00,-10412.50
2024-02-29 14:40:27.680857,-46,219,0,365.88,-444.45,833.26,1137.50,-25742.50,-10430.00
2024-02-29 14:40:27.692463,-46,134,0,367.59,-445.79,832.28,2695.00,-26005.00,-11270.00
2024-02-29 14:40:27.699414,-46,224,0,370.27,-447.13,830.45,1155.00,-27177.50,-12460.00
2024-02-29 14:40:27.711001,108,222,0,372.83,-447.62,827.53,-8960.00,-28227.50,-14892.50
2024-02-29 14:40:27.718409,109,222,0,374.91,-447.25,824.23,-19355.00,-29295.00,-19635.00
2024-02-29 14:40:27.728627,109,223,0,377.22,-448.23,823.62,-21927.50,-27685.00,-24237.50
2024-02-29 14:40:27.736115,110,222,441,379.66,-449.20,821.91,-27842.50,-24920.00,-27702.50
2024-02-29 14:40:27.746236,110,222,439,381.25,-446.28,818.86,-38115.00,-23712.50,-30852.50
2024-02-29 14:40:27.753901,110,222,434,382.59,-439.20,819.96,-48055.00,-17867.50,-35840.00
2024-02-29 14:40:27.763989,110,218,0,386.50,-431.51,820.57,-59710.00,-12792.50,-40897.50
2024-02-29 14:40:27.771473,110,222,427,392.84,-426.39,820.94,-62947.50,-8802.50,-44905.00
2024-02-29 14:40:27.782633,110,217,0,400.16,-421.51,821.79,-67410.00,-5057.50,-48195.00
2024-02-29 14:40:27.789720,109,222,0,408.09,-412.48,824.23,-59325.00,-315.00,-54425.00
2024-02-29 14:40:27.801094,109,220,0,415.53,-399.67,830.09,-46480.00,7035.00,-66255.00
2024-02-29 14:40:27.808319,106,222,434,421.75,-385.89,838.26,-36960.00,16992.50,-81532.50
2024-02-29 14:40:27.819713,104,222,451,427.00,-371.86,847.17,-30975.00,28385.00,-98577.50
2024-02-29 14:40:27.828361,102,222,0,432.12,-358.92,854.85,-41177.50,38412.50,-115027.50
2024-02-29 14:40:27.834520,99,222,454,436.76,-349.41,859.49,-77682.50,43820.00,-128047.50
2024-02-29 14:40:27.845213,97,222,453,441.40,-344.65,859.98,-125632.50,45097.50,-136482.50
2024-02-29 14:40:27.853063,95,223,451,447.37,-345.14,856.44,-167072.50,44240.00,-140875.00
2024-02-29 14:40:27.863983,93,224,450,453.96,-350.38,850.95,-189262.50,43575.00,-142590.00
2024-02-29 14:40:27.871865,91,225,0,461.40,-361.73,845.46,-179077.50,45797.50,-141417.50
2024-02-29 14:40:27.881796,90,226,439,466.53,-381.98,843.02,-157430.00,51030.00,-135607.50
2024-02-29 14:40:27.889623,89,230,0,469.46,-409.43,843.63,-142852.50,60077.50,-124792.50
2024-02-29 14:40:27.899581,88,228,0,473.73,-443.23,836.19,-114835.00,71225.00,-110652.50
2024-02-29 14:40:27.907163,87,231,455,477.39,-468.48,776.53,-26092.50,56070.00,-98735.00
2024-02-29 14:40:27.917443,87,231,456,477.02,-491.05,705.40,-69300.00,5810.00,-92995.00
2024-02-29 14:40:27.924728,87,223,0,476.17,-523.01,670.51,-96057.50,-21350.00,-74742.50
2024-02-29 14:40:27.935022,87,234,464,477.51,-549.24,654.29,-90072.50,-36015.00,-59430.00
2024-02-29 14:40:27.942670,89,234,0,480.07,-562.91,662.58,-102095.00,-31150.00,-51467.50
2024-02-29 14:40:27.953767,90,254,0,484.83,-563.88,683.81,-115640.00,-13667.50,-52027.50
2024-02-29 14:40:27.961299,92,236,0,489.95,-560.22,706.14,-103740.00,9625.00,-59587.50
2024-02-29 14:40:27.972423,94,240,455,492.27,-562.30,722.00,-71680.00,32287.50,-64102.50
2024-02-29 14:40:27.979819,97,241,460,492.76,-570.72,729.44,-36802.50,49455.00,-62037.50
2024-02-29 14:40:27.990079,99,244,0,493.00,-580.60,730.66,1767.50,61722.50,-56997.50
2024-02-29 14:40:27.997085,102,243,0,492.88,-588.04,727.49,38780.00,69930.00,-51135.00
2024-02-29 14:40:28.007686,105,243,454,491.29,-589.99,720.04,63367.50,72450.00,-45815.00
2024-02-29 14:40:28.014787,109,242,0,487.51,-586.58,711.38,75862.50,69107.50,-41737.50
2024-02-29 14:40:28.026425,111,242,461,483.24,-578.77,707.60,83667.50,65310.00,-38325.00
2024-02-29 14:40:28.033399,115,240,447,479.34,-565.35,710.65,89127.50,66045.00,-37695.00
2024-02-29 14:40:28.044980,116,239,444,476.65,-548.27,716.38,87587.50,69002.50,-41370.00
2024-02-29 14:40:28.052024,118,238,0,477.14,-533.63,721.02,80237.50,70437.50,-45675.00
2024-02-29 14:40:28.062721,120,236,440,479.46,-524.60,721.39,70070.00,69492.50,-46567.50
2024-02-29 14:40:28.069779,121,234,0,481.78,-518.87,713.70,52972.50,62720.00,-44992.50
2024-02-29 14:40:28.080387,120,232,440,483.73,-515.45,698.94,32480.00,49752.50,-43330.00
2024-02-29 14:40:28.087391,120,229,0,485.32,-516.18,682.96,12372.50,34772.50,-40145.00
2024-02-29 14:40:28.099020,119,227,428,487.15,-520.45,671.61,-3990.00,21700.00,-34755.00
2024-02-29 14:40:28.106141,117,224,422,490.44,-524.36,670.02,-7665.00,15312.50,-29575.00
2024-02-29 14:40:28.117584,116,223,0,494.95,-524.11,679.05,-8715.00,17570.00,-27615.00
2024-02-29 14:40:28.124748,114,222,0,500.08,-520.21,693.33,-14892.50,25375.00,-29487.50
2024-02-29 14:40:28.136170,112,221,421,505.93,-514.84,708.09,-20475.00,34142.50,-33530.00
2024-02-29 14:40:28.144812,110,219,416,512.77,-510.20,720.53,-22732.50,42105.00,-38167.50
2024-02-29 14:40:28.150541,108,220,417,520.21,-507.40,728.10,-22365.00,46602.50,-41335.00
2024-02-29 14:40:28.161518,107,219,429,527.04,-506.54,729.07,-31377.50,45657.50,-42367.50
2024-02-29 14:40:28.168780,106,219,427,532.29,-507.28,724.44,-48475.00,38605.00,-41912.50
2024-02-29 14:40:28.180068,105,220,0,536.80,-510.20,718.09,-61092.50,29645.00,-39340.00
2024-02-29 14:40:28.187420,105,221,426,540.34,-515.08,711.87,-65310.00,21017.50,-34527.50
2024-02-29 14:40:28.197735,105,224,441,542.53,-519.48,706.62,-64942.50,14140.00,-29067.50
2024-02-29 14:40:28.205081,106,226,439,543.14,-519.96,703.57,-71907.50,11060.00,-24290.00
2024-02-29 14:40:28.215448,107,245,0,543.88,-515.82,703.45,-87605.00,11480.00,-22277.50
2024-02-29 14:40:28.222702,109,232,452,546.93,-508.62,707.60,-88165.00,17692.50,-24062.50
2024-02-29 14:40:28.234131,110,236,447,550.83,-501.30,717.73,-83965.00,28770.00,-28210.00
2024-02-29 14:40:28.241407,113,239,454,554.00,-497.76,736.64,-93117.50,44835.00,-30642.50
2024-02-29 14:40:28.252821,115,242,458,558.39,-499.22,764.21,-96792.50,70315.00,-28665.00
2024-02-29 14:40:28.260295,117,244,0,564.25,-505.57,790.68,-75897.50,102165.00,-21262.50
2024-02-29 14:40:28.271514,118,261,0,569.25,-511.79,802.52,-35840.00,126735.00,-11357.50
2024-02-29 14:40:28.280153,120,249,451,571.69,-512.52,795.32,-11585.00,134260.00,-6037.50
2024-02-29 14:40:28.286026,123,252,451,571.94,-510.20,778.60,-16240.00,128800.00,-4742.50
2024-02-29 14:40:28.296787,125,254,450,572.18,-509.72,764.09,-29697.50,124057.50,-2625.00
2024-02-29 14:40:28.303705,127,256,447,573.52,-510.20,755.42,-30257.50,126717.50,612.50
2024-02-29 14:40:28.315451,128,258,456,574.62,-509.72,751.28,-41772.50,132177.50,2660.00
2024-02-29 14:40:28.322523,129,259,455,575.84,-510.94,752.25,-64120.00,138565.00,5372.50
2024-02-29 14:40:28.333020,129,261,453,576.82,-516.67,758.72,-57347.50,147980.00,12915.00
2024-02-29 14:40:28.340269,130,262,0,575.84,-521.79,768.60,-17587.50,159162.50,21262.50
2024-02-29 14:40:28.350775,130,263,447,572.30,-522.04,779.70,22487.50,169645.00,24290.00
2024-02-29 14:40:28.357827,130,264,446,567.06,-520.94,791.29,48107.50,178727.50,23555.00
2024-02-29 14:40:28.368461,130,265,0,561.69,-522.16,803.74,69650.00,187040.00,23695.00
2024-02-29 14:40:28.375503,130,265,450,556.56,-526.43,819.23,92190.00,196612.50,24255.00
2024-02-29 14:40:28.387172,129,265,449,550.46,-534.12,838.02,109200.00,210455.00,26180.00
2024-02-29 14:40:28.394536,128,266,452,543.75,-543.14,854.00,129535.00,224332.50,29382.50
2024-02-29 14:40:28.404959,128,264,0,534.36,-549.73,860.71,157517.50,230370.00,29540.00
2024-02-29 14:40:28.412350,125,266,0,520.09,-549.73,855.71,210560.00,226520.00,21822.50
2024-02-29 14:40:28.423726,124,266,0,503.25,-542.17,844.48,237895.00,213377.50,11235.00
2024-02-29 14:40:28.430881,123,266,458,484.83,-530.46,834.60,208827.50,196997.50,1907.50
2024-02-29 14:40:28.442502,120,267,446,464.09,-518.26,830.58,162662.50,181982.50,-7612.50
2024-02-29 14:40:28.449867,117,267,0,439.69,-509.11,831.80,132667.50,170642.50,-13947.50
2024-02-29 14:40:28.460323,115,267,466,414.56,-503.13,835.21,129447.50,161140.00,-16327.50
2024-02-29 14:40:28.467785,113,268,459,389.79,-495.56,838.02,137322.50,153037.50,-16940.00
2024-02-29 14:40:28.479086,110,268,468,361.61,-484.10,840.34,113382.50,144742.50,-19285.00
2024-02-29 14:40:28.486549,108,268,454,332.69,-476.04,848.27,67007.50,140665.00,-18532.50
2024-02-29 14:40:28.496889,105,268,466,306.83,-474.82,863.76,61372.50,145915.00,-10377.50
2024-02-29 14:40:28.504067,103,269,467,282.80,-469.70,881.33,110635.00,158200.00,-5740.00
2024-02-29 14:40:28.514549,101,269,0,258.40,-456.28,894.02,135695.00,167895.00,-8137.50
2024-02-29 14:40:28.521817,99,269,497,231.56,-442.74,897.68,147052.50,171360.00,-9205.00
2024-02-29 14:40:28.533212,98,269,0,197.40,-432.98,893.65,181580.00,167947.50,-10535.00
2024-02-29 14:40:28.540639,97,269,453,163.24,-427.61,886.70,218575.00,161332.50,-6650.00
2024-02-29 14:40:28.551933,96,268,451,136.64,-415.17,874.86,215075.00,152582.50,1155.00
2024-02-29 14:40:28.560492,95,268,0,111.75,-387.72,851.80,165025.00,137935.00,52.50
2024-02-29 14:40:28.565597,95,268,450,83.08,-356.48,816.91,131845.00,114170.00,-4305.00
2024-02-29 14:40:28.575959,95,268,473,49.53,-327.08,778.97,97422.50,83772.50,-7052.50
2024-02-29 14:40:28.586965,95,268,0,14.52,-300.00,749.20,61547.50,54302.50,-7525.00
2024-02-29 14:40:28.593531,95,267,447,-16.59,-277.43,732.49,46725.00,32427.50,-7105.00
2024-02-29 14:40:28.604277,96,267,0,-42.58,-260.10,726.02,48685.00,19022.50,-5180.00
2024-02-29 14:40:28.611163,97,266,457,-66.25,-244.73,726.51,31937.50,11742.50,-4095.00
2024-02-29 14:40:28.621764,98,265,454,-88.82,-231.31,734.07,17465.00,9747.50,-3377.50
2024-02-29 14:40:28.628511,100,266,456,-111.02,-217.77,746.15,14507.50,12740.00,-3255.00
2024-02-29 14:40:28.639457,102,266,462,-134.08,-204.11,764.09,-7980.00,19425.00,-4025.00
2024-02-29 14:40:28.651245,105,263,0,-159.70,-193.13,785.19,-17640.00,32077.50,-1295.00
2024-02-29 14:40:28.659838,108,265,460,-189.59,-177.88,804.35,-16835.00,44852.50,1750.00
2024-02-29 14:40:28.665410,110,266,465,-213.26,-156.28,816.30,-52762.50,54740.00,-1295.00
2024-02-29 14:40:28.675656,114,266,475,-218.87,-136.64,815.08,-78575.00,55300.00,-8260.00
2024-02-29 14:40:28.686312,116,266,0,-212.52,-122.12,806.42,-57505.00,48685.00,-18690.00
2024-02-29 14:40:28.693923,119,268,464,-205.33,-112.48,800.08,-23940.00,39970.00,-29680.00
2024-02-29 14:40:28.703974,121,267,478,-204.11,-107.60,801.54,227.50,34947.50,-37362.50
2024-02-29 14:40:28.710892,122,269,467,-208.62,-105.90,810.69,2222.50,35385.00,-40512.50
2024-02-29 14:40:28.722517,124,270,459,-216.31,-107.12,824.84,-8085.00,40075.00,-39567.50
2024-02-29 14:40:28.729909,125,271,0,-224.48,-111.63,841.43,-10272.50,47337.50,-34702.50
2024-02-29 14:40:28.741033,126,272,460,-232.90,-118.10,857.17,-9870.00,54390.00,-27405.00
2024-02-29 14:40:28.748443,127,273,457,-240.58,-124.56,870.47,-5355.00,60445.00,-19355.00
2024-02-29 14:40:28.759701,127,273,458,-246.93,-127.12,880.84,3132.50,65415.00,-13440.00
2024-02-29 14:40:28.768241,127,275,465,-250.95,-122.98,887.92,7105.00,69440.00,-12145.00
2024-02-29 14:40:28.773772,128,275,0,-253.39,-113.70,891.82,10185.00,72432.50,-15487.50
2024-02-29 14:40:28.783916,128,277,462,-255.22,-104.19,893.65,4620.00,74322.50,-20790.00
2024-02-29 14:40:28.793795,128,277,457,-256.69,-97.84,893.41,-2940.00,74812.50,-25147.50
2024-02-29 14:40:28.800777,128,278,0,-258.03,-91.74,886.70,-7787.50,73955.00,-26670.00
2024-02-29 14:40:28.811255,128,278,450,-261.20,-76.25,870.35,-9275.00,67935.00,-30450.00
2024-02-29 14:40:28.818376,127,279,452,-268.28,-54.66,846.19,-30852.50,54145.00,-42857.50
2024-02-29 14:40:28.828985,127,280,453,-278.89,-39.53,820.33,-21315.00,33075.00,-53795.00
2024-02-29 14:40:28.838732,127,280,0,-290.36,-30.13,801.54,-4585.00,14297.50,-59342.50
2024-02-29 14:40:28.845508,127,281,0,-302.56,-24.64,792.27,2240.00,1960.00,-63175.00
2024-02-29 14:40:28.856196,126,282,442,-314.39,-27.21,791.78,1750.00,-5337.50,-62562.50
2024-02-29 14:40:28.868087,126,282,450,-324.64,-37.21,798.61,1820.00,-8295.00,-57137.50
2024-02-29 14:40:28.876763,125,284,457,-333.55,-51.24,811.30,3692.50,-6527.50,-48912.50
2024-02-29 14:40:28.881586,124,284,0,-341.36,-65.03,827.89,11182.50,-87.50,-39725.00
2024-02-29 14:40:28.892920,123,284,458,-348.55,-71.74,843.75,19425.00,8225.00,-34475.00
2024-02-29 14:40:28.899813,121,285,460,-356.00,-70.03,853.88,22820.00,13755.00,-36067.50
2024-02-29 14:40:28.911413,119,285,469,-364.17,-65.88,858.15,22837.50,14945.00,-41072.50
2024-02-29 14:40:28.918423,117,285,0,-372.71,-66.61,859.37,23695.00,13370.00,-43522.50
2024-02-29 14:40:28.929013,114,284,456,-381.62,-73.08,859.86,25270.00,10727.50,-41230.00
2024-02-29 14:40:28.935839,112,284,465,-390.16,-81.98,860.34,24902.50,7227.50,-36435.00
2024-02-29 14:40:28.946635,110,284,458,-397.60,-88.69,861.08,25672.50,3955.00,-32130.00
2024-02-29 14:40:28.958408,107,285,466,-404.06,-90.16,861.20,24395.00,1050.00,-30835.00
2024-02-29 14:40:28.966981,104,285,459,-410.65,-86.86,859.86,17570.00,-2835.00,-33477.50
2024-02-29 14:40:28.972168,102,286,455,-417.00,-82.72,858.39,16065.00,-7052.50,-38290.00
2024-02-29 14:40:28.982577,100,285,469,-422.12,-81.62,859.73,23345.00,-9100.00,-41842.50
2024-02-29 14:40:28.993345,98,286,465,-426.51,-83.69,863.88,28560.00,-8190.00,-42787.50
2024-02-29 14:40:29.000458,96,301,0,-431.15,-87.84,867.66,28840.00,-6475.00,-42052.50
2024-02-29 14:40:29.009808,95,286,0,-436.15,-92.96,867.79,24710.00,-6807.50,-39515.00
2024-02-29 14:40:29.016815,93,286,0,-441.27,-98.82,864.00,20720.00,-9992.50,-35595.00
2024-02-29 14:40:29.027810,91,288,0,-445.79,-104.43,858.88,19145.00,-13562.50,-30922.50
2024-02-29 14:40:29.039318,91,289,471,-449.20,-110.41,855.22,16030.00,-14910.00,-25287.50
2024-02-29 14:40:29.047963,90,290,0,-451.28,-115.66,853.76,12495.00,-13510.00,-19442.50
2024-02-29 14:40:29.054090,90,291,0,-452.13,-118.46,852.54,10832.50,-11182.50,-15540.00
2024-02-29 14:40:29.064615,90,293,16,219,0,-453.23,-117.97,849.12,6352.50,-10885.00,-14280.00
2024-02-29 14:40:29.071777,-46,218,0,-455.06,-116.63,843.39,227.50,-13020.00,-14700.00
2024-02-29 14:40:29.083121,-46,218,0,-456.89,-116.39,838.14,-2590.00,-16100.00,-14437.50
2024-02-29 14:40:29.090757,-46,21,-458.35,-117.12,835.94,-1715.00,-16695.00,-12600.00
2024-02-29 14:40:29.101721,-46,232,0,-459.45,-116.75,835.70,-2695.00,-14752.50,-10622.50
2024-02-29 14:40:29.109330,-46,221,0,-459.57,-114.19,835.09,-6615.00,-12390.00,-10342.50
2024-02-29 14:40:29.119342,-46,211,0,-459.09,-110.53,832.53,-9432.50,-11357.50,-11777.50
2024-02-29 14:40:29.126924,-46,193,0,-458.96,-107.85,828.01,-9957.50,-12635.00,-14035.00
2024-02-29 14:40:29.136530,-46,219,0,-459.94,-106.75,823.50,-11585.00,-15890.00,-15400.00
2024-02-29 14:40:29.146966,-46,218,0,-461.53,-106.26,821.30,-11637.50,-18042.50,-15347.50
2024-02-29 14:40:29.154833,-46,218,0,-462.75,-106.14,821.18,-9327.50,-17850.00,-14927.50
2024-02-29 14:40:29.164661,-46,218,0,-463.11,-106.99,821.91,-3955.00,-17045.00,-14245.00
2024-02-29 14:40:29.172029,-46,219,0,-462.26,-108.46,822.04,4252.50,-17220.00,-13125.00
2024-02-29 14:40:29.183212,-46,218,0,-461.16,-109.56,820.82,11865.00,-18410.00,-12320.00
2024-02-29 14:40:29.190747,-46,218,0,-460.18,-110.04,818.25,17027.50,-20685.00,-11655.00
2024-02-29 14:40:29.201831,-46,218,06,232,0,-458.96,-110.04,814.47,20247.50,-24395.00,-11637.50
2024-02-29 14:40:29.209588,-46,221,0,-457.13,-111.26,811.06,21945.00,-28350.00,-11200.00
2024-02-29 14:40:29.220598,-46,211,0,-455.67,-115.29,809.71,19460.00,-31220.00,-8610.00
2024-02-29 14:40:29.229225,-46,193,0,-454.45,-120.78,810.57,13352.50,-32742.50,-4287.50
2024-02-29 14:40:29.234760,-46,219,0,-453.11,-125.05,813.25,10832.50,-33442.50,245.00
2024-02-29 14:40:29.244784,-46,218,0,-450.91,-126.64,817.28,10185.00,-33950.00,3132.50
2024-02-29 14:40:29.255574,-46,218,0,-448.23,-126.15,822.52,9642.50,-33792.50,4182.50
2024-02-29 14:40:29.262476,-46,218,0,-445.54,-124.93,827.77,10745.00,-33985.00,4585.00
2024-02-29 14:40:29.273152,-46,219,0,-443.10,-123.95,833.02,11812.50,-35280.00,4515.00
2024-02-29 14:40:29.280231,-46,218,0,-441.64,-123.95,839.48,13107.50,-36277.50,4987.50
2024-02-29 14:40:29.290704,-46,218,0,-440.42,-123.83,848.14,14227.50,-36242.50,6440.00
2024-02-29 14:40:29.297738,-46,218,0,-439.44,-122.24,858.64,15312.50,-34230.00,7542.50
2024-02-29 14:40:29.308201,-46,235,0,-438.47,-119.68,870.23,14560.00,-30432.50,7630.00
2024-02-29 14:40:29.315183,-46,216,0,-437.00,-117.97,881.45,10552.50,-25235.00,8085.00
2024-02-29 14:40:29.326790,-46,217,0,-435.30,-118.10,890.60,3010.00,-20562.50,9625.00
2024-02-29 14:40:29.333822,-46,217,0,-433.10,-119.19,896.58,-3955.00,-18130.00,11900.00
2024-02-29 14:40:29.345222,-46,142,0,-430.54,-120.05,899.26,-7035.00,-18515.00,13965.00
2024-02-29 14:40:29.352499,-46,220,0,-427.98,-120.54,900.48,-6702.50,-20440.00,15715.00
2024-02-29 14:40:29.363808,-46,212,0,-425.90,-121.15,902.19,-4777.50,-22260.00,17850.00
2024-02-29 14:40:29.371150,-46,219,0,-424.07,-120.78,906.46,-2187.50,-23030.00,19617.50
2024-02-29 14:40:29.382359,-46,220,0,-421.39,-119.32,915.00,2275.00,-20667.50,20457.50
2024-02-29 14:40:29.389562,-46,295,0,-417.12,-117.36,928.42,12040.00,-13947.50,20615.00
2024-02-29 14:40:29.399963,-46,258,0,-412.24,-115.41,943.79,23275.00,-4620.00,20685.00
2024-02-29 14:40:29.406954,-46,220,0,-407.48,-114.68,957.94,34212.50,4147.50,20930.00
2024-02-29 14:40:29.417524,-46,218,0,-402.97,-115.90,969.53,45815.00,10710.00,22925.00
2024-02-29 14:40:29.424508,-46,222,0,-399.43,-117.97,978.68,56630.00,15225.00,26617.50
2024-02-29 14:40:29.435172,-46,218,0,-396.50,-119.32,987.10,68460.00,18515.00,30485.00
2024-02-29 14:40:29.442129,-46,303,0,-392.84,-119.93,996.74,87430.00,22855.00,33722.50
2024-02-29 14:40:29.453761,-46,215,0,-388.08,-122.24,1007.23,111020.00,29102.50,37800.00
2024-02-29 14:40:29.461420,-46,218,0,-383.20,-128.10,1016.26,149047.50,37520.00,45885.00
2024-02-29 14:40:29.471556,-46,217,0,-379.54,-134.69,1020.04,198975.00,45447.50,56700.00
2024-02-29 14:40:29.479197,-46,215,0,-377.22,-132.98,1017.60,248325.00,50242.50,64785.00
2024-02-29 14:40:29.490368,-46,216,0,-374.66,-110.78,1010.89,258965.00,52185.00,63595.00
2024-02-29 14:40:29.497762,-46,218,0,-373.32,-67.59,1000.40,244632.50,50312.50,47442.50
2024-02-29 14:40:29.509195,-46,215,0,-372.83,-14.52,991.37,224385.00,44012.50,23222.50
2024-02-29 14:40:29.516223,-46,222,0,-371.12,39.89,1006.38,167282.50,41475.00,-3220.00
2024-02-29 14:40:29.527773,-46,145,0,-370.03,83.94,1048.47,121975.00,60410.00,-28227.50
2024-02-29 14:40:29.536369,-46,219,0,-369.29,117.61,1094.34,134190.00,92225.00,-49665.00
2024-02-29 14:40:29.542352,-46,219,0,-367.71,145.55,1128.01,66990.00,121922.50,-66272.50
2024-02-29 14:40:29.553250,-46,219,0,-364.78,160.92,1141.31,28332.50,141645.00,-73220.00
2024-02-29 14:40:29.560810,-46,218,0,-359.29,166.41,1136.31,60935.00,151077.50,-73605.00
2024-02-29 14:40:29.571049,-46,218,0,-352.70,168.85,1120.08,88847.50,154822.50,-71837.50
2024-02-29 14:40:29.578752,-46,218,0,-348.92,171.78,1094.83,96302.50,155225.00,-68880.00
2024-02-29 14:40:29.589858,-46,137,0,-349.53,180.44,1058.35,109515.00,146965.00,-68302.50
2024-02-29 14:40:29.597664,-46,219,0,-354.04,196.18,1017.48,137882.50,129902.50,-72957.50
2024-02-29 14:40:29.606812,-46,218,0,-360.14,214.72,981.86,147770.00,113155.00,-80727.50
2024-02-29 14:40:29.614373,-46,219,0,-367.95,231.07,952.33,140945.00,102935.00,-88112.50
2024-02-29 14:40:29.624610,-46,224,0,-386.01,241.56,919.76,126455.00,96145.00,-93835.00
2024-02-29 14:40:29.631810,-46,218,0,-418.46,243.76,875.96,99137.50,80412.50,-93642.50
2024-02-29 14:40:29.643329,-46,218,0,-465.19,251.08,828.01,104300.00,55142.50,-88287.50
2024-02-29 14:40:29.650391,-46,302,0,-513.38,274.74,780.31,86642.50,29820.00,-92732.50
2024-02-29 14:40:29.662006,-46,219,0,-539.00,293.53,734.93,22855.00,4987.50,-100765.00
2024-02-29 14:40:29.669002,-46,215,0,-539.00,287.07,709.55,15505.00,-9432.50,-97177.50
2024-02-29 14:40:29.679640,-46,219,0,-530.33,255.47,714.43,5880.00,-1120.00,-78225.00
2024-02-29 14:40:29.686371,-46,285,0,-532.29,209.60,741.03,6457.50,28070.00,-45500.00
2024-02-29 14:40:29.697084,-46,219,0,-549.61,167.63,771.04,33985.00,67165.00,-9940.00
2024-02-29 14:40:29.703912,-46,218,0,-570.47,141.03,776.65,14105.00,100397.50,19862.50
2024-02-29 14:40:29.715747,-46,219,0,-588.16,133.59,741.27,-11375.00,108097.50,38080.00
2024-02-29 14:40:29.722922,-46,215,0,-605.97,133.47,692.96,-58782.50,97842.50,46620.00
2024-02-29 14:40:29.733386,-46,228,0,-628.79,133.47,660.75,-106995.00,94150.00,57662.50
2024-02-29 14:40:29.740682,-46,218,0,-651.48,149.08,629.76,-182560.00,88672.50,59080.00
2024-02-29 14:40:29.752104,-46,272,0,-671.85,168.60,597.07,-250372.50,71085.00,51047.50
2024-02-29 14:40:29.759523,-46,142,0,-693.94,162.63,585.97,-288627.50,62737.50,54337.50
2024-02-29 14:40:29.769967,-46,301,0,-705.89,133.96,594.51,-344557.50,72170.00,77105.00
2024-02-29 14:40:29.777416,-46,129,0,-699.79,105.53,599.26,-367185.00,84420.00,106872.50
2024-02-29 14:40:29.788688,-46,219,0,-685.40,92.84,591.09,-333917.50,88795.00,128065.00
2024-02-29 14:40:29.796160,-46,238,0,-673.44,104.43,572.67,-294927.50,83370.00,133332.50
2024-02-29 14:40:29.807466,-46,304,0,-669.05,139.69,550.59,-246365.00,70665.00,117442.50
2024-02-29 14:40:29.816012,-46,240,0,-672.71,174.70,539.85,-208670.00,59727.50,92785.00
2024-02-29 14:40:29.822059,-46,224,0,-679.78,190.32,548.76,-193497.50,61740.00,78750.00
2024-02-29 14:40:29.832895,-46,218,0,-686.74,196.05,567.42,-185710.00,74847.50,74042.50
2024-02-29 14:40:29.840307,-46,302,0,-695.03,200.57,586.33,-169890.00,89775.00,68792.50
2024-02-29 14:40:29.850595,-46,219,0,-701.50,201.30,603.05,-165007.50,103915.00,65555.00
2024-02-29 14:40:29.858105,-46,215,0,-702.23,200.57,614.15,-158865.00,115395.00,65625.00
2024-02-29 14:40:29.868349,-46,218,0,-704.18,204.11,619.52,-154822.50,125720.00,64277.50
2024-02-29 14:40:29.875861,-46,217,0,-708.45,212.40,619.39,-178325.00,136832.50,62527.50
2024-02-29 14:40:29.887085,-46,216,0,-715.29,227.77,612.20,-212957.50,142030.00,57767.50
2024-02-29 14:40:29.894799,-46,126,0,-728.10,249.98,599.26,-234885.00,138512.50,44257.50
2024-02-29 14:40:29.904343,-46,219,0,-741.76,273.89,581.45,-231122.50,130900.00,25585.00
2024-02-29 14:40:29.915061,-46,281,0,-753.47,296.34,555.10,-196490.00,119542.50,4095.00
2024-02-29 14:40:29.922622,-46,219,0,-764.57,310.00,518.50,-146877.50,104685.00,-18235.00
2024-02-29 14:40:29.932784,-46,218,0,-777.87,308.54,470.55,-95392.50,84455.00,-34405.00
2024-02-29 14:40:29.940004,-46,219,0,-795.20,291.58,407.36,-54687.50,56332.50,-44712.50
2024-02-29 14:40:29.951426,-46,219,0,-803.25,259.01,325.25,-13457.50,15190.00,-47215.00
2024-02-29 14:40:29.958729,-46,207,0,-798.86,210.33,224.97,27930.00,-44520.00,-37992.50
2024-02-29 14:40:29.970113,-46,218,0,-790.44,141.28,194.47,18427.50,-104982.50,-14770.00
2024-02-29 14:40:29.978646,-46,218,0,-780.31,53.92,278.65,-29172.50,-71942.50,29032.50
2024-02-29 14:40:29.984459,-46,216,0,-776.53,-37.09,382.35,-88060.00,-6370.00,87150.00
2024-02-29 14:40:29.994719,-46,218,0,-770.92,-86.13,446.52,-73342.50,39970.00,130042.50
2024-02-29 14:40:30.005395,-46,241,0,-760.67,-68.56,485.80,-71295.00,60952.50,130760.00
2024-02-29 14:40:30.012149,-46,218,0,-754.81,0.24,552.66,-31395.00,89722.50,91297.50
2024-02-29 14:40:30.022873,-46,216,0,-753.84,88.94,644.77,-26040.00,151095.00,21770.00
2024-02-29 14:40:30.030240,-46,178,0,-755.18,125.05,697.96,-122237.50,204907.50,-28787.50
2024-02-29 14:40:30.041720,-46,218,0,-755.91,100.53,684.91,-150080.00,219187.50,-28840.00
2024-02-29 14:40:30.049449,-46,225,0,-754.45,78.32,626.10,-156607.50,197505.00,-16275.00
2024-02-29 14:40:30.060448,-46,217,0,-749.57,88.33,551.44,-202440.00,160667.50,-26005.00
2024-02-29 14:40:30.069034,-46,216,0,-758.84,79.30,471.04,-315892.50,116567.50,-39812.50
2024-02-29 14:40:30.075135,-46,161,0,-779.58,21.23,400.89,-312375.00,69527.50,-16205.00
2024-02-29 14:40:30.085721,-46,220,0,-797.15,-37.45,374.78,-247660.00,38990.00,17132.50
2024-02-29 14:40:30.092959,-46,152,0,-814.72,-82.84,394.30,-195475.00,40197.50,30397.50
2024-02-29 14:40:30.104387,-46,140,0,-829.97,-127.86,437.00,-173722.50,63700.00,39357.50
2024-02-29 14:40:30.111879,-46,221,0,-837.90,-192.52,493.37,-235007.50,95655.00,71645.00
2024-02-29 14:40:30.122037,-46,215,0,-838.38,-243.27,554.49,-193620.00,140210.00,107240.00
2024-02-29 14:40:30.130186,-46,219,0,-835.82,-335.50,567.18,-401747.50,172357.50,145075.00
2024-02-29 14:40:30.140836,-46,217,0,-818.62,-467.26,549.73,-390320.00,165812.50,252910.00
2024-02-29 14:40:30.149031,-46,195,0,-791.17,-574.62,529.72,-376897.50,160072.50,336945.00
2024-02-29 14:40:30.158784,-46,213,0,-763.35,-689.79,483.85,-273175.00,136710.00,429642.50
2024-02-29 14:40:30.166806,-46,217,0,-721.02,-783.61,427.85,-114555.00,105087.50,516407.50
2024-02-29 14:40:30.177701,-46,300,0,-661.48,-830.09,375.64,24727.50,77910.00,559597.50
2024-02-29 14:40:30.185137,-46,219,0,-591.46,-824.35,331.23,90667.50,63945.00,572302.50
2024-02-29 14:40:30.196386,-46,213,0,-515.82,-792.02,262.54,40092.50,48037.50,573370.00
2024-02-29 14:40:30.205061,-46,218,0,-432.86,-753.72,178.24,44187.50,5915.00,573370.00
2024-02-29 14:40:30.210968,-46,137,0,-345.26,-715.29,118.10,45587.50,-31570.00,573370.00
2024-02-29 14:40:30.221804,-46,165,0,-252.91,-679.30,88.57,-3412.50,-59465.00,573370.00
2024-02-29 14:40:30.229089,-46,224,0,-151.77,-649.04,81.25,-79380.00,-78120.00,573370.00
2024-02-29 14:40:30.240204,-46,292,0,-38.80,-624.76,79.67,-170222.50,-96267.50,573370.00
2024-02-29 14:40:30.247978,-46,277,0,93.70,-585.97,76.86,-245402.50,-127487.50,573370.00
2024-02-29 14:40:30.259105,-46,218,0,208.62,-35.50,228.51,-156065.00,-106837.50,503720.00
2024-02-29 14:40:30.266656,-46,150,0,250.34,661.00,460.31,-426072.50,66780.00,-37432.50
2024-02-29 14:40:30.276821,-46,138,0,259.49,767.50,535.21,-85925.00,151095.00,-217700.00
2024-02-29 14:40:30.284583,-46,134,0,239.85,616.71,487.39,-214725.00,152810.00,-114992.50
2024-02-29 14:40:30.295695,-46,155,0,181.90,486.41,392.60,-273157.50,110267.50,17797.50
2024-02-29 14:40:30.304225,-46,138,0,134.93,467.38,316.83,-229757.50,53322.50,85470.00
2024-02-29 14:40:30.309741,-46,292,0,100.89,564.01,302.80,-249760.00,28332.50,63717.50
2024-02-29 14:40:30.319935,-46,212,0,75.03,661.00,337.70,-239242.50,46952.50,5950.00
2024-02-29 14:40:30.329936,-46,149,0,54.17,679.66,381.13,-217892.50,82460.00,-2852.50
2024-02-29 14:40:30.336765,-46,277,0,32.70,621.71,415.65,-183645.00,110180.00,31062.50
2024-02-29 14:40:30.347589,-46,219,0,12.69,546.56,431.64,-111545.00,124022.50,101780.00
2024-02-29 14:40:30.354701,-46,154,0,-5.37,562.79,421.63,-54092.50,115902.50,126035.00
2024-02-29 14:40:30.366174,-46,219,0,-23.06,654.65,390.64,19932.50,89355.00,70087.50
2024-02-29 14:40:30.372601,-46,216,0,-40.99,726.39,343.67,60707.50,45937.50,9327.50
2024-02-29 14:40:30.384686,-46,201,0,-62.10,764.70,299.02,79275.00,-2905.00,-16275.00
2024-02-29 14:40:30.391577,-46,236,0,-88.08,796.42,270.60,85610.00,-38605.00,-32480.00
2024-02-29 14:40:30.403214,-46,219,0,-114.56,810.57,256.44,62160.00,-61215.00,-38692.50
2024-02-29 14:40:30.410514,-46,216,0,-136.15,804.83,257.91,44765.00,-70420.00,-24867.50
2024-02-29 14:40:30.421897,-46,196,0,-155.43,796.05,271.45,36575.00,-66832.50,-9782.50
2024-02-29 14:40:30.430509,-46,220,0,-173.48,785.44,285.72,21840.00,-58607.50,4462.50
2024-02-29 14:40:30.435817,-46,219,0,-189.71,775.55,303.78,18672.50,-49525.00,18812.50
2024-02-29 14:40:30.447128,-46,216,0,-197.40,770.92,335.62,40092.50,-27720.00,24710.00
2024-02-29 14:40:30.453753,-46,222,0,-198.49,772.75,362.71,15137.50,490.00,27685.00
2024-02-29 14:40:30.465664,-46,219,0,-203.37,781.78,366.24,-19162.50,7717.50,22855.00
2024-02-29 14:40:30.472423,-46,195,0,-209.96,786.41,362.58,-35612.50,1645.00,14455.00
2024-02-29 14:40:30.484149,-46,233,0,-216.06,785.56,369.90,-43470.00,5460.00,15960.00
2024-02-29 14:40:30.491017,-46,218,0,-222.65,788.49,378.20,-64207.50,12442.50,14700.00
2024-02-29 14:40:30.501758,-46,218,0,-229.48,790.07,378.20,-78872.50,10150.00,13125.00
2024-02-29 14:40:30.508670,-46,220,0,-235.70,788.49,376.98,-90790.00,5547.50,15085.00
2024-02-29 14:40:30.519358,-46,215,0,-241.07,786.17,379.66,-107677.50,2957.50,17395.00
2024-02-29 14:40:30.526341,-46,299,0,-246.68,781.41,386.13,-125702.50,2835.00,19897.50
2024-02-29 14:40:30.537011,-46,137,0,-253.03,773.60,395.04,-133735.00,4392.50,24150.00
2024-02-29 14:40:30.544131,-46,227,0,-259.98,764.94,405.28,-128642.50,6597.50,28875.00
2024-02-29 14:40:30.555630,-46,202,0,-265.72,758.23,414.80,-119595.00,8837.50,31867.50
2024-02-29 14:40:30.562764,-46,222,0,-269.13,754.69,421.14,-115622.50,9502.50,31272.50
2024-02-29 14:40:30.574376,-46,241,0,-269.74,750.91,427.49,-113225.00,8697.50,28560.00
2024-02-29 14:40:30.581335,-46,289,0,-269.38,744.93,433.59,-115150.00,9852.50,27912.50
2024-02-29 14:40:30.591926,-46,220,0,-268.52,738.10,436.76,-115080.00,8942.50,28735.00
2024-02-29 14:40:30.599019,-46,219,0,-266.20,731.27,440.42,-120557.50,8435.00,29995.00
2024-02-29 14:40:30.609651,-46,148,0,-263.03,724.19,447.01,-127277.50,11322.50,31045.00
2024-02-29 14:40:30.616997,-46,217,0,-261.08,717.36,452.62,-132492.50,14647.50,31675.00
2024-02-29 14:40:30.628440,-46,137,0,-259.98,706.62,458.96,-130200.00,16275.00,33460.00
2024-02-29 14:40:30.635774,-46,283,0,-260.84,694.42,463.84,-134890.00,19180.00,39830.00
2024-02-29 14:40:30.647139,-46,250,0,-264.98,686.62,462.01,-133315.00,14997.50,43102.50
2024-02-29 14:40:30.654230,-46,217,0,-269.38,680.64,458.72,-130917.50,6790.00,44800.00
2024-02-29 14:40:30.664840,-46,161,0,-271.82,674.05,459.94,-124827.50,1015.00,47512.50
2024-02-29 14:40:30.671412,-46,227,0,-272.18,668.56,466.41,-121117.50,0.00,50785.00
2024-02-29 14:40:30.682282,-46,241,0,-271.33,664.90,475.43,-116655.00,892.50,53620.00
2024-02-29 14:40:30.689189,-46,217,0,-269.99,661.36,484.34,-112542.50,2520.00,58380.00
2024-02-29 14:40:30.700853,-46,216,0,-268.40,658.31,491.66,-108080.00,3115.00,64872.50
2024-02-29 14:40:30.707947,-46,217,0,-266.81,659.04,497.52,-107292.50,2870.00,70857.50
2024-02-29 14:40:30.719495,-46,218,0,-264.01,665.14,503.37,-109777.50,1977.50,73307.50
2024-02-29 14:40:30.726548,-46,218,0,-260.23,675.39,511.79,-117320.00,2642.50,71697.50
2024-02-29 14:40:30.738155,-46,175,0,-255.96,684.66,522.16,-120610.00,5652.50,67305.00
2024-02-29 14:40:30.746772,-46,208,0,-252.78,688.32,532.65,-112332.50,9047.50,65765.00
2024-02-29 14:40:30.752207,-46,143,0,-252.66,687.96,541.19,-92452.50,10325.00,66920.00
2024-02-29 14:40:30.763409,-46,147,0,-254.49,687.71,548.51,-74777.50,9380.00,68950.00
2024-02-29 14:40:30.770274,-46,218,0,-254.98,688.32,556.69,-71592.50,8557.50,69790.00
2024-02-29 14:40:30.781899,-46,218,0,-252.78,687.59,567.30,-78085.00,8960.00,70612.50
2024-02-29 14:40:30.789009,-46,138,0,-249.37,684.42,580.60,-87062.50,11462.50,72415.00
2024-02-29 14:40:30.799573,-46,279,0,-245.59,678.32,595.24,-90842.50,14647.50,74882.50
2024-02-29 14:40:30.806600,-46,153,0,-241.32,671.12,610.73,-92137.50,17867.50,76632.50
2024-02-29 14:40:30.817424,-46,160,0,-235.83,664.66,626.59,-98070.00,20282.50,73955.00
2024-02-29 14:40:30.824539,-46,216,0,-228.14,657.09,641.48,-103337.50,20475.00,66937.50
2024-02-29 14:40:30.834974,-46,216,0,-219.60,647.09,655.87,-107415.00,18060.00,57557.50
2024-02-29 14:40:30.842237,-46,241,0,-211.55,634.89,672.22,-103057.50,14350.00,45832.50
2024-02-29 14:40:30.853687,-46,193,0,-204.47,620.25,690.76,-90912.50,11060.00,32795.00
2024-02-29 14:40:30.860526,-46,218,0,-197.88,600.00,708.82,-76650.00,6195.00,22575.00
2024-02-29 14:40:30.872274,-46,221,0,-192.88,570.23,725.17,-62335.00,-1312.50,20090.00
2024-02-29 14:40:30.879466,-46,131,0,-190.32,532.41,740.42,-45167.50,-10272.50,26897.50
2024-02-29 14:40:30.890820,-46,214,0,-190.20,493.49,755.06,-23537.50,-18742.50,39637.50
2024-02-29 14:40:30.898030,-46,215,0,-191.66,463.48,767.38,-3937.50,-26355.00,51747.50
2024-02-29 14:40:30.908415,-46,138,0,-193.98,445.06,776.16,24447.50,-33320.00,58660.00
2024-02-29 14:40:30.915461,-46,191,0,-196.79,439.20,782.14,51992.50,-38342.50,64767.50
2024-02-29 14:40:30.926129,-46,218,0,-198.01,453.47,786.78,67620.00,-40110.00,60375.00
2024-02-29 14:40:30.933236,-46,215,0,-195.93,488.24,790.56,65905.00,-41807.50,41790.00
2024-02-29 14:40:30.944763,-46,150,0,-190.32,533.38,796.05,35350.00,-43487.50,15645.00
2024-02-29 14:40:30.951791,-46,219,0,-181.29,575.60,807.76,-3307.50,-39865.00,-9380.00
2024-02-29 14:40:30.963383,-46,150,0,-172.39,606.71,825.21,-35332.50,-29505.00,-26180.00
2024-02-29 14:40:30.970946,-46,221,0,-166.41,622.69,842.78,-63595.00,-17465.00,-31342.50
2024-02-29 14:40:30.981162,-46,230,0,-163.97,621.83,858.64,-71855.00,-7980.00,-25112.50
2024-02-29 14:40:30.988295,-46,219,0,-163.97,607.93,872.79,-64067.50,-770.00,-11112.50
2024-02-29 14:40:30.998533,-46,129,0,-165.19,587.19,884.26,-52500.00,4777.50,4812.50
2024-02-29 14:40:31.005270,-46,218,0,-167.75,560.96,890.36,-41370.00,6247.50,20720.00
2024-02-29 14:40:31.015232,-46,219,0,-171.04,530.09,891.45,-26600.00,3185.00,36277.50
2024-02-29 14:40:31.027202,-46,218,0,-174.09,499.22,889.87,-8662.50,-1907.50,49542.50
2024-02-29 14:40:31.033947,-46,257,0,-176.05,476.04,885.48,-1400.00,-7770.00,55877.50
2024-02-29 14:40:31.044529,-46,218,0,-178.24,460.79,877.91,-5337.50,-15680.00,53532.50
2024-02-29 14:40:31.051724,-46,222,0,-181.90,446.89,868.52,-11165.00,-25410.00,48912.50
2024-02-29 14:40:31.062129,-46,218,0,-186.05,433.59,860.34,-8172.50,-34965.00,44047.50
2024-02-29 14:40:31.069015,-46,284,0,-188.37,423.22,856.20,1767.50,-41877.50,36837.50
2024-02-29 14:40:31.079753,-46,226,0,-188.86,414.07,854.85,11270.00,-46025.00,28787.50
2024-02-29 14:40:31.086864,-46,182,0,-187.39,405.04,854.00,18935.00,-49385.00,23170.00
2024-02-29 14:40:31.098390,-46,192,0,-182.39,397.35,855.83,26267.50,-52132.50,19512.50
2024-02-29 14:40:31.105435,-46,273,0,-174.34,393.08,861.81,27790.00,-51152.50,16170.00
2024-02-29 14:40:31.116917,-46,218,0,-164.94,392.11,869.37,28542.50,-47477.50,12197.50
2024-02-29 14:40:31.123858,-46,219,0,-155.43,392.72,876.08,31535.00,-44135.00,8802.50
2024-02-29 14:40:31.135556,-46,155,0,-146.77,392.96,880.96,33425.00,-42927.50,8085.00
2024-02-29 14:40:31.142392,-46,147,0,-139.93,392.11,881.94,30695.00,-44957.50,10640.00
2024-02-29 14:40:31.153177,-46,219,0,-134.44,390.16,880.11,28227.50,-50767.50,15977.50
2024-02-29 14:40:31.160227,-46,218,0,-127.73,388.81,880.11,35822.50,-56612.50,21122.50
2024-02-29 14:40:31.170858,-46,218,0,-117.85,388.81,883.89,42647.50,-59622.50,24587.50
2024-02-29 14:40:31.177981,-46,217,0,-105.41,388.33,889.87,44362.50,-60165.00,28682.50
2024-02-29 14:40:31.189454,-46,218,0,-91.99,386.62,896.46,49735.00,-58555.00,34020.00
2024-02-29 14:40:31.196167,-46,224,0,-78.81,383.69,901.95,56105.00,-57102.50,40740.00
2024-02-29 14:40:31.208040,-46,138,0,-65.76,381.01,906.83,64365.00,-56175.00,48650.00
2024-02-29 14:40:31.216631,-46,301,0,-51.85,382.84,911.34,76457.50,-54512.50,54075.00
2024-02-29 14:40:31.221531,-46,297,0,-35.38,392.11,915.00,84542.50,-52412.50,54477.50
2024-02-29 14:40:31.232119,-46,215,0,-15.98,407.36,917.93,79187.50,-49350.00,50417.50
2024-02-29 14:40:31.244203,-46,302,0,4.64,423.10,920.00,61215.00,-45500.00,45500.00
2024-02-29 14:40:31.250663,-46,142,0,24.16,436.76,921.71,46392.50,-41422.50,41475.00
2024-02-29 14:40:31.262788,-46,215,0,41.48,448.96,922.69,36575.00,-37642.50,37940.00
2024-02-29 14:40:31.271334,-46,218,0,57.46,461.53,922.69,30065.00,-34282.50,33477.50
2024-02-29 14:40:31.275957,-46,250,0,73.20,473.60,922.81,28315.00,-30887.50,28052.50
2024-02-29 14:40:31.287837,-46,288,0,89.43,485.07,922.93,23292.50,-26775.00,23275.00
2024-02-29 14:40:31.294434,-46,219,0,104.92,496.17,923.78,18900.00,-22260.00,18042.50
2024-02-29 14:40:31.306424,-46,216,0,119.56,504.59,925.61,16677.50,-16450.00,13090.00
2024-02-29 14:40:31.313320,-46,154,0,132.49,508.62,926.47,11287.50,-10272.50,11357.50
2024-02-29 14:40:31.325085,-46,221,0,143.11,509.47,925.74,3832.50,-5390.00,12285.00
2024-02-29 14:40:31.331352,-46,156,0,151.77,508.01,924.27,-3342.50,-1435.00,15225.00
2024-02-29 14:40:31.343468,-46,299,0,159.58,505.57,922.93,-8890.00,2065.00,18637.50
2024-02-29 14:40:31.349750,-46,137,0,166.29,504.10,921.47,-15347.50,5022.50,20947.50
2024-02-29 14:40:31.362060,-46,138,0,172.02,503.74,919.15,-20912.50,6510.00,21367.50
2024-02-29 14:40:31.370622,-46,219,0,177.02,503.74,916.83,-19915.00,7700.00,19355.00
2024-02-29 14:40:31.375126,-46,219,0,180.93,503.13,913.90,-14122.50,8767.50,16257.50
2024-02-29 14:40:31.385921,-46,218,0,183.24,503.01,909.75,-6772.50,8942.50,12775.00
2024-02-29 14:40:31.397209,-46,232,0,184.95,504.23,905.12,-997.50,8557.50,8890.00
2024-02-29 14:40:31.402826,-46,212,0,185.68,506.67,900.12,315.00,8050.00,5162.50
2024-02-29 14:40:31.415361,-46,217,0,185.93,508.62,894.75,-4445.00,7105.00,3045.00
2024-02-29 14:40:31.421431,-46,218,0,186.42,509.84,890.60,-5285.00,6842.50,2065.00
2024-02-29 14:40:31.433740,-46,232,0,187.27,511.67,888.04,-5635.00,8470.00,595.00
2024-02-29 14:40:31.439801,-46,224,0,188.25,514.35,886.21,-9397.50,11217.50,-1277.50
2024-02-29 14:40:31.451917,-46,140,0,188.98,516.67,884.01,-15207.50,13825.00,-3150.00
2024-02-29 14:40:31.458762,-46,142,0,189.34,518.13,881.57,-20650.00,16275.00,-4060.00
2024-02-29 14:40:31.470428,-46,221,0,188.86,519.48,879.25,-22837.50,19075.00,-5495.00
2024-02-29 14:40:31.479068,-46,219,0,187.27,522.89,877.18,-21087.50,22120.00,-8557.50
2024-02-29 14:40:31.484213,-46,219,0,184.95,529.24,874.13,-23485.00,24640.00,-13842.50
2024-02-29 14:40:31.494803,-46,294,0,182.76,535.09,868.64,-31132.50,26057.50,-19495.00
2024-02-29 14:40:31.505574,-46,208,0,179.83,537.90,862.42,-39987.50,26162.50,-23117.50
2024-02-29 14:40:31.512612,-46,219,0,175.92,537.53,858.15,-45430.00,26897.50,-24657.50
2024-02-29 14:40:31.523293,-46,219,0,170.92,534.73,856.44,-47005.00,29155.00,-24010.00
2024-02-29 14:40:31.530349,-46,227,0,164.82,530.46,854.98,-46637.50,31885.00,-21647.50
2024-02-29 14:40:31.541864,-46,235,0,158.11,526.06,851.93,-46655.00,33600.00,-18707.50
2024-02-29 14:40:31.548978,-46,216,0,151.52,522.40,847.78,-44625.00,34492.50,-16730.00
2024-02-29 14:40:31.560597,-46,141,0,145.42,518.62,843.51,-41947.50,35175.00,-16397.50
2024-02-29 14:40:31.569183,-46,140,0,139.69,513.50,839.60,-37047.50,35840.00,-16240.00
2024-02-29 14:40:31.574714,-46,136,0,133.71,508.74,835.94,-33600.00,36627.50,-16922.50
2024-02-29 14:40:31.585832,-46,221,0,127.37,504.84,832.04,-30520.00,36575.00,-18795.00
2024-02-29 14:40:31.592829,-46,218,0,120.66,500.69,827.89,-31570.00,36120.00,-20072.50
2024-02-29 14:40:31.604414,-46,218,0,113.70,496.30,823.62,-32375.00,35612.50,-21210.00
2024-02-29 14:40:31.611635,-46,219,0,106.51,491.78,819.11,-32812.50,34825.00,-22242.50
2024-02-29 14:40:31.623094,-46,204,0,98.58,487.88,813.37,-34282.50,33250.00,-23415.00
2024-02-29 14:40:31.629850,-46,139,0,90.16,484.34,806.18,-37852.50,30222.50,-24832.50
2024-02-29 14:40:31.640719,-46,143,0,81.74,479.70,798.73,-40477.50,26390.00,-25497.50
2024-02-29 14:40:31.647403,-46,214,0,73.08,474.21,792.51,-41300.00,23012.50,-25182.50
2024-02-29 14:40:31.658195,-46,305,0,64.42,469.21,787.39,-42840.00,20650.00,-24955.00
2024-02-29 14:40:31.664996,-46,137,0,55.63,464.58,782.14,-41947.50,18025.00,-24850.00
2024-02-29 14:40:31.675692,-46,286,0,46.60,459.70,776.04,-43505.00,13895.00,-24097.50
2024-02-29 14:40:31.682391,-46,142,0,37.09,454.57,769.70,-39742.50,8417.50,-22557.50
2024-02-29 14:40:31.693234,-46,215,0,27.82,450.55,764.70,-33915.00,2205.00,-21087.50
2024-02-29 14:40:31.704152,-46,304,0,20.25,446.76,762.62,-30835.00,-2800.00,-18865.00
2024-02-29 14:40:31.710959,-46,135,0,14.64,442.37,764.57,-27230.00,-5337.50,-15067.50
2024-02-29 14:40:31.721667,-46,231,0,10.25,438.71,769.09,-22662.50,-5460.00,-10675.00
2024-02-29 14:40:31.728144,-46,138,0,6.34,437.98,774.33,-18847.50,-5565.00,-8137.50
2024-02-29 14:40:31.737758,-46,236,0,3.42,439.93,780.43,-15155.00,-6090.00,-8067.50
2024-02-29 14:40:31.749890,-46,222,0,2.44,444.81,789.10,-11707.50,-6667.50,-10377.50
2024-02-29 14:40:31.756295,-46,219,0,3.42,453.60,802.52,-11900.00,-7017.50,-15137.50
2024-02-29 14:40:31.768371,-46,138,0,6.59,468.97,826.18,-18165.00,-6212.50,-22085.00
2024-02-29 14:40:31.774905,-46,138,0,10.49,493.49,864.13,-27125.00,-3325.00,-30975.00
2024-02-29 14:40:31.786682,-46,224,0,9.03,519.35,900.85,-49700.00,-4760.00,-33740.00
2024-02-29 14:40:31.795306,-46,223,0,1.22,529.11,915.49,-68407.50,-24237.50,-17395.00
2024-02-29 14:40:31.800088,-46,220,0,-3.05,523.14,919.39,-50960.00,-48160.00,11462.50
2024-02-29 14:40:31.810458,-46,216,0,3.78,517.28,936.72,-38360.00,-48737.50,31132.50
2024-02-29 14:40:31.822654,-46,218,0,18.42,517.28,965.02,-43715.00,-23205.00,30712.50
2024-02-29 14:40:31.831256,-46,218,0,34.16,518.74,984.05,-59220.00,7122.50,13352.50
2024-02-29 14:40:31.835969,-46,220,0,46.60,515.82,981.73,-77122.50,25550.00,-11130.00
2024-02-29 14:40:31.846708,-46,147,0,53.44,505.20,959.41,-93887.50,25462.50,-35087.50
2024-02-29 14:40:31.858721,-46,157,0,55.51,483.97,930.01,-100887.50,12687.50,-51817.50
2024-02-29 14:40:31.867307,-46,221,0,54.17,450.06,907.31,-96005.00,-1137.50,-54495.00
2024-02-29 14:40:31.872494,-46,294,0,51.24,408.33,897.07,-82687.50,-9240.00,-42945.00
2024-02-29 14:40:31.883805,-46,220,0,47.95,367.59,897.55,-61267.50,-10482.50,-23642.50
2024-02-29 14:40:31.890511,-46,219,0,45.63,336.11,903.53,-39392.50,-7350.00,-3762.50
2024-02-29 14:40:31.902188,-46,219,0,44.41,319.88,910.73,-26792.50,-3150.00,9800.00
2024-02-29 14:40:31.908457,-46,219,0,44.16,317.93,916.95,-24185.00,980.00,13650.00
2024-02-29 14:40:31.919520,-46,224,0,43.43,324.40,921.95,-27580.00,4130.00,11410.00
2024-02-29 14:40:31.925697,-46,139,0,42.21,333.67,926.71,-37257.50,7070.00,4847.50
2024-02-29 14:40:31.936735,-46,140,0,40.02,340.62,930.37,-45062.50,9590.00,-1837.50
2024-02-29 14:40:31.948848,-46,210,0,36.48,342.58,931.59,-53515.00,9905.00,-6580.00
2024-02-29 14:40:31.953196,-46,149,0,32.45,338.43,932.08,-54075.00,8925.00,-8207.50
2024-02-29 14:40:31.967259,-46,218,0,28.30,328.42,932.57,-51012.50,8015.00,-6772.50
2024-02-29 14:40:31.971620,-46,217,0,25.25,314.52,932.93,-42717.50,7245.00,-3342.50
2024-02-29 14:40:31.985627,-46,219,0,23.79,300.00,934.52,-34352.50,7857.50,-122.50
2024-02-29 14:40:31.989999,-46,218,0,23.42,287.19,936.96,-28892.50,10080.00,1032.50
2024-02-29 14:40:31.998296,-46,222,0,23.91,276.70,938.67,-26180.00,12442.50,-682.50
2024-02-29 14:40:32.009254,-46,209,0,25.13,267.55,939.28,-24867.50,14297.50,-5005.00
2024-02-29 14:40:32.021350,-46,218,0,26.11,257.30,939.77,-23975.00,16030.00,-9275.00
2024-02-29 14:40:32.027911,-46,298,0,25.62,246.81,940.38,-24377.50,16765.00,-12950.00
2024-02-29 14:40:32.038807,-46,218,0,24.16,235.70,941.47,-22452.50,16660.00,-15522.50
2024-02-29 14:40:32.045631,-46,219,0,21.59,223.87,941.96,-20282.50,15277.50,-16030.00
